13 12
803709 877521 1078603 1825690 1957338 1858212 2858868 555139 575905 2342408 2870906 2417009 718908
3600 33.96741393 31.61333111 34.62343136 34.76259067 34.10939546 28.55276716 6.943993453 23.6388488 25.32278147 20.42583785 15.03651364 14.50803394 11.80368448
7200 34.80559224 31.69270766 34.64850561 34.76587962 34.12057455 28.60518613 6.947803092 23.63836563 25.32470721 20.43048044 15.03667085 14.50956502 11.80421213
10800 35.18593581 31.72077695 34.67536112 34.79813429 34.15106145 28.77300698 6.956049378 23.64098173 25.32817115 20.44033679 15.03757276 14.51207943 11.80477443
14400 35.31960968 31.75009071 34.68713597 34.90167831 34.16335823 28.95449356 7.001738974 23.66146334 25.3424434 20.48959269 15.04717386 14.53704796 11.81027126
18000 35.40594038 31.7808518 34.6898672 34.95283124 34.14604233 29.0027665 7.094676212 23.68308575 25.3455781 20.51210144 15.04250368 14.54684452 11.81015078
21600 35.51596727 31.80748582 34.71599394 34.96360379 34.16709974 29.12819938 7.206781334 23.7002261 25.35037361 20.54841576 15.04147428 14.54423254 11.80927077
25200 35.62018304 31.83048686 34.74726454 34.99316004 34.19779045 29.31983853 7.364412384 23.72342415 25.3555915 20.61735874 15.04289698 14.55118185 11.81056171
28800 35.69559715 31.85766458 34.77514544 35.02994229 34.45249355 29.57234295 7.504171408 23.76211478 25.36345943 20.72145149 15.04110316 14.55150102 11.81051777
32400 35.75131087 31.88391252 34.78173116 35.0222301 34.60541608 29.68346342 7.624070076 23.80330045 25.36632448 20.83553092 15.04052305 14.54992686 11.81085701
36000 35.85719243 31.92362016 34.78714677 35.01375884 34.67001466 29.75363713 7.802158146 23.85020571 25.36790582 20.9781971 15.04261884 14.55845372 11.81350433
39600 35.95420829 31.99187968 34.80344628 35.03673843 34.74842671 29.84122067 8.170342484 23.91421681 25.37331242 21.10898882 15.04542589 14.57643622 11.81577643
43200 36.04651199 32.05893132 34.82708541 35.07445823 34.83172637 29.92962557 8.918394533 24.00984588 25.38537329 21.3141108 15.05046897 14.64716831 11.81836092
