13 12
803709 877521 1078603 1825690 1957338 1858212 2858868 555139 575905 2342408 2870906 2417009 718908
3600 32.0467 30.1447 32.6319 31.9918 31.8851 29.5656 3.59664 19.2816 19.5621 14.8529 4.10261 6.57758 2.0635
7200 32.8879 30.8244 33.1683 31.9857 31.8516 29.5808 3.52044 19.3121 19.7053 15.0053 3.97459 6.49529 1.94158
10800 32.8635 30.6202 33.6926 33.3177 32.3606 29.6205 3.54178 19.4859 19.937 15.7582 4.21234 6.57149 1.92329
14400 32.7386 30.4526 33.6804 33.7566 33.1592 29.6601 3.88315 21.019 21.6408 19.0561 7.18414 8.60146 3.33451
18000 32.6563 30.3367 33.5402 33.2506 32.8361 29.7515 4.15442 21.8664 21.5341 19.0104 9.23239 11.4605 5.5565
21600 32.5801 30.3063 33.5524 33.2019 33.0434 29.8186 4.45008 22.0157 21.3939 18.2575 10.2047 12.3535 6.9342
25200 32.5161 30.2636 33.5951 33.8084 33.4518 29.843 4.76402 22.3144 21.8237 18.7787 10.7655 12.6888 7.82422
28800 32.4734 30.2423 33.5585 33.9425 33.6377 29.9801 5.0353 22.8387 22.1041 19.2237 11.2532 12.8321 8.37895
32400 32.4033 30.2209 33.4488 33.528 33.3634 29.9923 5.28218 23.0337 21.9273 19.1506 11.4178 12.8199 8.69899
36000 32.6807 30.3581 33.3634 33.2141 32.9885 30.0015 5.53822 23.1313 22.0127 19.1323 11.5824 12.8534 9.04646
39600 32.9336 30.6507 33.3878 33.2842 33.0342 29.8917 5.95884 23.238 22.1224 19.1536 11.8902 13.0363 9.57072
43200 32.9976 30.6294 33.464 33.5981 33.2537 29.8826 6.77266 23.366 22.5918 19.687 nan 13.2039 10.1468
