13 48
803709 877521 1078603 1825690 1957338 1858212 2858868 555139 575905 2342408 2870906 2417009 718908
900 35.5824 31.4401 34.2382 34.8742 34.0553 30.736 10.7107 23.2715 22.4729 19.5773 nan 13.2039 nan
1800 35.6616 31.4218 34.287 34.8966 34.0431 30.7726 10.7777 23.3324 22.3906 19.6383 nan 13.2618 nan
2700 35.6921 31.3395 34.287 34.9189 34.0462 30.8031 10.8539 23.3721 22.3083 19.6444 nan 13.2954 nan
3600 35.6525 31.3974 34.2839 34.9413 34.0919 30.8366 10.9149 23.3812 22.2321 19.5986 nan 13.3137 nan
4500 35.7744 31.3761 34.2778 nan 34.0766 30.8701 10.9819 23.43 22.1163 19.5163 nan 13.3411 nan
5400 35.8323 31.4919 34.2534 nan 33.9943 30.9006 11.049 23.4147 22.1193 19.428 nan 13.3533 nan
6300 35.8353 31.4767 34.2443 nan 33.9852 30.9311 11.1222 23.4422 22.1468 19.3365 nan 13.3624 nan
7200 35.8323 31.4767 34.1955 nan 33.9822 30.9646 11.1892 23.4574 22.0736 19.242 nan 13.3685 nan
8100 35.8628 31.4858 34.1681 nan 33.9547 30.9951 11.2563 23.4726 21.9791 19.1475 nan 13.3685 nan
9000 35.878 31.4706 34.0949 nan 33.9029 31.0195 11.3264 23.4696 21.8907 19.047 nan 13.3594 nan
9900 35.8993 31.5163 34.162 nan 33.8602 31.0469 11.3934 23.4787 21.8511 18.925 nan 13.3502 nan
10800 35.9237 31.559 34.165 nan 33.7779 31.0744 11.4605 23.4605 21.7841 18.8184 nan 13.3411 nan
11700 35.9207 31.4188 34.1681 nan 33.7475 31.0987 11.5306 23.4635 21.6987 18.6995 nan 13.332 nan
12600 36.0121 31.37 34.1711 nan 33.6621 31.1262 11.5976 23.4483 21.6713 18.5715 nan 13.3198 nan
13500 35.9329 31.4615 34.1986 nan 33.5829 31.1536 11.6647 23.4422 21.6317 18.4374 nan 13.2984 nan
14400 35.9542 31.3883 34.2047 nan 33.5219 31.1688 11.7318 23.4025 21.6073 18.2941 nan 13.271 nan
15300 36.0152 31.3152 34.2047 nan 33.4945 31.1902 11.7988 23.3873 21.5372 18.1691 nan 13.2375 nan
16200 36.0365 31.3914 34.1894 nan 33.4305 31.2146 11.8659 23.3843 21.5128 18.0381 nan 13.1978 nan
17100 36.0517 31.431 34.1528 nan 33.3878 31.2298 11.9268 23.3599 21.5067 17.8918 nan 13.1491 nan
18000 36.0091 31.3091 34.1437 nan 33.3512 31.2511 11.9969 23.3081 21.4701 17.782 nan 13.0881 11.3294
18900 35.9969 31.2298 34.1955 nan 33.2964 nan 12.0548 23.2989 21.4213 17.6632 nan 13.0241 11.2776
19800 36.0213 31.3822 34.1955 nan 33.2659 nan 12.1188 23.2776 21.3939 17.5778 nan 12.951 11.2288
20700 35.9755 31.37 34.1955 nan 33.2262 nan 12.1798 23.2349 21.3573 17.4864 nan 12.8626 nan
21600 36.0426 31.4797 34.1813 nan 33.1927 nan 12.2377 23.1983 21.3269 17.3736 nan 12.7467 nan
22500 35.9847 31.4523 34.1671 nan 33.1653 nan 12.2895 23.1282 21.2933 17.2944 nan 12.6157 nan
23400 35.9481 31.4523 34.1528 nan 33.1409 nan 12.3505 23.1191 21.2872 17.1633 nan 12.4755 nan
24300 35.9725 31.4218 34.1386 nan 33.0952 nan 12.3993 23.0581 21.2385 17.0475 nan 12.32 nan
25200 35.9573 31.434 34.1244 nan 33.0464 nan 12.4572 23.0002 21.2141 16.9347 nan 12.1707 nan
26100 35.9847 31.5041 34.1102 nan 33.0342 nan 12.509 22.9728 21.1531 16.8311 nan 12.0213 nan
27000 35.9451 31.3761 34.1102 nan 32.9702 nan 12.5578 22.9027 21.1287 16.7152 nan 11.8781 nan
27900 35.9451 31.5559 34.098 nan 32.955 nan 12.6157 22.86 21.1165 16.6329 nan 11.7409 nan
28800 35.9451 31.3761 34.0919 nan 32.9306 nan 12.6705 22.8234 21.0769 16.5384 nan 11.6098 nan
29700 35.9603 31.495 34.0858 nan 32.894 nan 12.7224 22.7625 21.08 16.4562 nan 11.4788 nan
30600 35.9237 31.4767 34.0858 nan 32.8331 nan 12.7711 22.6832 21.019 16.3678 nan 11.3447 nan
31500 35.8475 31.4493 34.0736 nan 32.8331 nan 12.7498 22.6375 20.9855 16.2763 nan 11.2166 10.1559
32400 35.8963 31.4432 34.0705 nan 32.8117 nan 12.6766 22.5857 20.9459 16.2397 nan 11.1282 10.0554
33300 35.875 31.4279 34.0675 nan 32.7569 nan 12.6035 22.5247 20.955 16.38 nan 11.0795 9.96544
34200 35.8353 31.4188 34.0766 nan 32.766 nan 12.5364 22.4881 21.0495 16.5202 nan 11.0277 9.87552
35100 35.8201 31.4005 34.0766 nan 32.7599 nan 12.4572 22.4455 21.0434 16.5202 nan 10.985 9.79932
36000 35.8384 31.4584 34.0858 nan 32.7569 nan 12.4084 22.4119 21.1196 16.5445 nan 10.9515 9.71398
36900 35.8506 31.4523 34.0766 nan 32.7782 nan 12.3353 22.3754 21.1013 16.5567 nan 10.9027 nan
37800 35.7652 31.4371 34.0705 nan 32.8026 nan 12.2469 22.3479 21.1074 16.5202 nan 10.8448 nan
38700 35.7774 31.3822 34.0949 nan 32.8117 nan 12.2347 22.3144 21.0617 16.4836 nan 10.7716 nan
39600 35.7317 31.431 34.101 nan 32.827 nan 12.1829 22.3236 21.0221 16.4409 nan 10.7076 nan
40500 35.75 31.4828 34.098 nan 32.8331 nan 12.128 22.2809 21.0373 16.447 nan 10.6558 nan
41400 35.753 31.3914 34.098 nan 32.8178 nan 12.0731 22.2595 21.0861 16.5202 nan 10.6528 nan
42300 35.7226 31.5072 34.0949 nan 32.83 nan 12.0548 22.2717 21.1348 16.6665 nan 10.6985 nan
43200 35.7073 31.3761 34.0949 nan 32.827 nan 11.9847 22.2595 21.1806 16.825 nan 10.7686 nan
