108
1759104 41.422
1756369 41.185
1229525 48.338
811081 39.444
2767874 20.653
2230231 22.866
2352519 19.964
2336641 21.58
2502898 18.349
2440251 16.1
606520 12.588
2379216 17.276
2362677 19.596
1810395 35.966
486470 33.135
486470 33.126
114344 33.113
1858064 33.129
2887446 11.223
2887446 11.07
897442 30.971
727140 13.512
2909459 13.573
897930 30.757
968336 30.882
1082790 32.97
1089173 33.171
2925303 7.202
1198558 41.105
1895925 33.293
714778 13.031
714778 12.715
1948028 33.188
10430 17.916
10430 17.331
10430 15.655
10430 15.173
2775110 16.493
2775110 15.923
2777632 14.807
2777632 14.237
2777632 13.533
2777632 12.713
2777632 12.256
2777632 11.241
2777632 11.698
2836589 11.741
2836589 11.214
2836589 10.516
2836589 9.08
2836589 8.522
2836589 8.114
2677843 22.055
2677843 22.055
2678460 22.29
2678460 22.29
168788 25.295
2678536 22.028
2678536 22.028
2703441 24.966
169490 23.857
169490 23.857
885010 30.914
708359 17.177
225521 30.855
885952 30.656
2858028 12.924
178570 13.442
2858039 13.442
181459 13.411
1835528 32.839
967492 30.559
2897548 6.213
898081 30.826
896813 30.871
897159 30.864
2769096 20.116
967547 30.869
2768834 20.077
486438 33.146
1090539 33.138
883758 30.894
1853449 33.165
873902 30.732
218624 30.84
983094 30.917
714778 12.799
2836919 20.21
1095177 32.96
1830189 32.982
1843556 33.041
2855859 13.939
1845805 32.882
1830700 33.031
885548 30.872
1083365 33.198
1854811 33.217
221190 30.853
2887662 11.931
1828533 32.999
885952 30.833
224992 30.916
691642 20.507
1844450 33.047
901248 30.819
707248 14.548
2779191 18.415
224992 30.81
