tools/preprocessing/spatially-distributed-rainfall/daymet/asc/082520171900.asc
ncols	77
nrows	38
xllcorner	3159062.340
yllcorner	3615803.602
cellsize	1000.000
NODATA_value	-9999.000
9.848 9.991 10.104 10.262 10.513 10.623 10.677 10.758 10.908 10.919 10.951 10.992 11.043 11.090 11.134 11.171 11.208 11.240 11.264 11.276 11.295 11.318 11.329 11.358 11.394 11.423 11.448 11.470 11.480 11.499 11.517 11.517 11.528 11.535 11.558 11.610 11.596 11.578 11.554 11.526 11.495 11.465 11.453 11.463 11.472 11.477 11.465 11.429 11.396 11.371 11.347 11.344 11.330 11.322 11.303 11.330 11.340 11.307 11.236 11.304 11.472 11.616 11.751 11.836 11.861 11.910 12.003 12.315 12.530 12.749 12.966 13.195 13.427 13.654 13.868 14.071 14.256
9.646 9.800 9.954 10.144 10.322 10.447 10.505 10.604 10.744 10.778 10.823 10.873 10.919 10.970 11.018 11.062 11.106 11.148 11.177 11.208 11.241 11.291 11.327 11.386 11.448 11.497 11.541 11.568 11.587 11.593 11.599 11.604 11.627 11.635 11.662 11.692 11.704 11.682 11.650 11.607 11.561 11.530 11.537 11.545 11.546 11.534 11.511 11.484 11.464 11.451 11.449 11.454 11.464 11.476 11.466 11.466 11.501 11.455 11.435 11.557 11.703 11.849 11.936 12.003 12.043 12.166 12.325 12.563 12.796 13.013 13.252 13.486 13.719 13.946 14.155 14.344 14.547
9.438 9.616 9.778 9.962 10.129 10.265 10.329 10.445 10.554 10.621 10.679 10.740 10.789 10.842 10.894 10.944 10.995 11.043 11.091 11.136 11.189 11.257 11.327 11.405 11.494 11.583 11.630 11.634 11.690 11.712 11.700 11.686 11.707 11.727 11.745 11.741 11.745 11.728 11.707 11.670 11.643 11.612 11.610 11.604 11.591 11.572 11.554 11.540 11.530 11.534 11.552 11.579 11.599 11.618 11.620 11.606 11.634 11.612 11.700 11.809 11.929 12.049 12.181 12.315 12.452 12.625 12.740 12.872 13.022 13.277 13.526 13.760 14.007 14.231 14.435 14.627 14.811
9.223 9.416 9.590 9.768 9.949 10.084 10.171 10.277 10.374 10.452 10.520 10.587 10.649 10.707 10.762 10.818 10.875 10.929 10.992 11.049 11.124 11.215 11.313 11.418 11.520 11.577 11.607 11.651 11.721 11.786 11.801 11.792 11.800 11.799 11.793 11.767 11.762 11.739 11.732 11.711 11.691 11.662 11.655 11.639 11.619 11.607 11.592 11.597 11.611 11.626 11.643 11.656 11.674 11.694 11.728 11.745 11.773 11.792 11.893 12.011 12.118 12.206 12.346 12.587 12.741 12.837 12.906 13.041 13.274 13.535 13.784 14.007 14.260 14.500 14.713 14.905 15.084
9.010 9.225 9.398 9.581 9.744 9.897 10.006 10.122 10.216 10.292 10.359 10.426 10.500 10.566 10.628 10.689 10.753 10.820 10.886 10.962 11.049 11.170 11.286 11.417 11.511 11.536 11.589 11.689 11.754 11.780 11.796 11.821 11.835 11.840 11.807 11.796 11.810 11.768 11.737 11.719 11.712 11.709 11.700 11.678 11.654 11.637 11.636 11.647 11.660 11.671 11.682 11.699 11.727 11.760 11.802 11.848 11.904 11.973 12.049 12.138 12.234 12.330 12.497 12.748 12.867 12.944 13.054 13.265 13.496 13.748 14.017 14.247 14.476 14.730 14.966 15.155 15.322
8.812 9.038 9.200 9.373 9.540 9.694 9.835 9.955 10.054 10.135 10.204 10.270 10.346 10.420 10.495 10.559 10.629 10.704 10.780 10.868 10.957 11.084 11.228 11.368 11.464 11.520 11.591 11.651 11.690 11.716 11.743 11.843 11.901 11.923 11.878 11.829 11.841 11.810 11.787 11.764 11.748 11.743 11.723 11.693 11.673 11.652 11.668 11.669 11.675 11.687 11.706 11.733 11.771 11.817 11.889 11.948 12.022 12.103 12.173 12.255 12.352 12.467 12.612 12.845 13.008 13.070 13.205 13.435 13.670 13.910 14.178 14.451 14.689 14.945 15.193 15.379 15.540
8.612 8.860 9.021 9.183 9.355 9.506 9.644 9.777 9.880 9.975 10.052 10.122 10.195 10.274 10.356 10.433 10.510 10.590 10.674 10.780 10.889 11.001 11.156 11.304 11.367 11.467 11.524 11.573 11.612 11.675 11.765 11.873 11.966 12.002 11.931 11.883 11.866 11.851 11.832 11.809 11.773 11.758 11.730 11.697 11.679 11.681 11.676 11.669 11.673 11.690 11.717 11.762 11.829 11.902 11.979 12.053 12.143 12.231 12.301 12.377 12.475 12.592 12.736 12.947 13.137 13.206 13.364 13.593 13.818 14.046 14.316 14.604 14.876 15.157 15.390 15.582 15.766
8.469 8.701 8.867 9.018 9.177 9.334 9.474 9.600 9.713 9.811 9.899 9.976 10.047 10.127 10.214 10.307 10.393 10.485 10.591 10.723 10.832 10.981 11.093 11.213 11.310 11.401 11.500 11.581 11.660 11.728 11.794 11.898 11.955 11.957 11.930 11.911 11.890 11.856 11.834 11.811 11.787 11.758 11.725 11.690 11.669 11.669 11.657 11.665 11.683 11.723 11.782 11.846 11.922 11.998 12.070 12.132 12.232 12.328 12.399 12.477 12.583 12.721 12.867 13.044 13.276 13.306 13.506 13.729 13.953 14.198 14.467 14.769 15.037 15.265 15.525 15.740 15.975
8.354 8.553 8.703 8.871 9.045 9.160 9.307 9.442 9.556 9.653 9.749 9.823 9.904 9.986 10.076 10.178 10.289 10.391 10.511 10.644 10.789 10.922 11.003 11.123 11.270 11.372 11.457 11.535 11.606 11.675 11.780 11.899 11.959 11.983 11.981 11.943 11.875 11.831 11.818 11.808 11.787 11.754 11.713 11.671 11.641 11.639 11.643 11.676 11.727 11.789 11.857 11.932 12.007 12.076 12.144 12.205 12.302 12.386 12.467 12.561 12.687 12.827 12.990 13.242 13.337 13.417 13.628 13.854 14.088 14.338 14.626 14.921 15.171 15.398 15.633 15.879 16.117
8.249 8.433 8.570 8.789 8.961 9.049 9.185 9.315 9.423 9.518 9.613 9.695 9.770 9.850 9.949 10.057 10.182 10.303 10.421 10.545 10.683 10.822 10.915 11.022 11.133 11.232 11.323 11.406 11.504 11.619 11.747 11.871 11.954 11.994 12.015 11.958 11.877 11.822 11.810 11.792 11.772 11.738 11.692 11.642 11.591 11.622 11.673 11.742 11.785 11.847 11.931 12.005 12.078 12.144 12.198 12.273 12.362 12.444 12.533 12.642 12.769 12.906 13.121 13.269 13.365 13.527 13.733 13.966 14.201 14.464 14.759 15.041 15.291 15.523 15.737 15.974 16.230
8.183 8.373 8.512 8.718 8.881 8.988 9.079 9.193 9.303 9.404 9.505 9.597 9.667 9.745 9.838 9.946 10.070 10.196 10.336 10.473 10.587 10.697 10.804 10.910 11.013 11.102 11.199 11.297 11.421 11.555 11.692 11.809 11.884 11.933 11.949 11.916 11.869 11.806 11.793 11.773 11.751 11.720 11.670 11.604 11.536 11.589 11.644 11.711 11.793 11.873 11.951 12.029 12.107 12.182 12.241 12.323 12.409 12.493 12.595 12.711 12.839 13.006 13.210 13.312 13.430 13.603 13.813 14.044 14.294 14.560 14.855 15.134 15.387 15.616 15.842 16.062 16.333
8.208 8.329 8.476 8.653 8.810 8.931 9.028 9.099 9.183 9.278 9.393 9.504 9.575 9.659 9.751 9.853 9.964 10.089 10.223 10.350 10.482 10.593 10.704 10.813 10.918 11.014 11.108 11.223 11.343 11.448 11.558 11.657 11.734 11.787 11.815 11.812 11.795 11.781 11.764 11.747 11.724 11.700 11.635 11.558 11.516 11.553 11.614 11.683 11.768 11.854 11.941 12.033 12.124 12.206 12.284 12.368 12.457 12.541 12.647 12.770 12.900 13.106 13.255 13.377 13.506 13.681 13.887 14.116 14.370 14.645 14.921 15.201 15.467 15.712 15.947 16.165 16.409
8.202 8.308 8.432 8.597 8.752 8.876 8.969 9.045 9.125 9.211 9.306 9.405 9.506 9.596 9.688 9.782 9.880 9.994 10.117 10.237 10.359 10.487 10.616 10.724 10.828 10.916 11.021 11.140 11.240 11.335 11.431 11.521 11.595 11.663 11.704 11.737 11.748 11.741 11.722 11.704 11.689 11.661 11.608 11.540 11.510 11.522 11.586 11.671 11.742 11.827 11.934 12.040 12.143 12.236 12.320 12.403 12.492 12.586 12.698 12.820 13.009 13.175 13.296 13.435 13.587 13.759 13.957 14.184 14.440 14.713 14.990 15.263 15.531 15.806 16.047 16.294 16.556
8.136 8.291 8.424 8.568 8.698 8.815 8.888 8.992 9.074 9.147 9.229 9.324 9.425 9.513 9.594 9.686 9.794 9.903 10.010 10.128 10.246 10.370 10.497 10.625 10.733 10.827 10.933 11.037 11.137 11.232 11.323 11.410 11.490 11.565 11.639 11.707 11.737 11.718 11.682 11.661 11.654 11.626 11.587 11.531 11.480 11.490 11.577 11.684 11.780 11.859 11.953 12.061 12.173 12.263 12.351 12.434 12.526 12.626 12.741 12.888 13.073 13.225 13.358 13.505 13.662 13.834 14.023 14.244 14.498 14.774 15.047 15.315 15.612 15.869 16.138 16.373 16.621
8.073 8.240 8.389 8.530 8.641 8.739 8.824 8.925 9.003 9.070 9.148 9.237 9.335 9.427 9.519 9.603 9.685 9.785 9.889 10.005 10.124 10.243 10.372 10.500 10.626 10.737 10.842 10.945 11.040 11.136 11.235 11.335 11.427 11.513 11.589 11.653 11.674 11.665 11.655 11.637 11.628 11.604 11.567 11.517 11.477 11.465 11.558 11.665 11.774 11.870 11.984 12.097 12.200 12.296 12.383 12.466 12.560 12.664 12.778 12.956 13.135 13.277 13.420 13.568 13.728 13.901 14.087 14.305 14.559 14.829 15.105 15.387 15.665 15.955 16.203 16.437 16.693
8.009 8.165 8.327 8.495 8.598 8.680 8.756 8.843 8.933 9.008 9.086 9.169 9.267 9.371 9.458 9.524 9.597 9.677 9.767 9.871 9.987 10.107 10.229 10.366 10.507 10.629 10.745 10.857 10.969 11.068 11.173 11.274 11.368 11.454 11.525 11.565 11.576 11.590 11.620 11.624 11.615 11.589 11.544 11.493 11.472 11.463 11.547 11.651 11.769 11.906 12.022 12.118 12.227 12.329 12.411 12.497 12.594 12.699 12.828 12.994 13.184 13.325 13.472 13.626 13.787 13.961 14.152 14.369 14.622 14.886 15.156 15.447 15.730 15.993 16.252 16.503 16.768
7.948 8.097 8.248 8.428 8.568 8.655 8.731 8.797 8.864 8.951 9.037 9.110 9.200 9.296 9.372 9.436 9.500 9.574 9.665 9.747 9.852 9.963 10.085 10.226 10.382 10.528 10.655 10.772 10.891 11.003 11.110 11.212 11.307 11.394 11.441 11.469 11.500 11.541 11.580 11.601 11.610 11.590 11.545 11.490 11.472 11.468 11.543 11.662 11.795 11.930 12.059 12.167 12.251 12.352 12.437 12.524 12.624 12.730 12.853 13.025 13.219 13.365 13.515 13.671 13.834 14.020 14.218 14.440 14.686 14.943 15.209 15.488 15.763 16.034 16.293 16.559 16.847
7.879 8.016 8.168 8.338 8.494 8.600 8.693 8.749 8.807 8.891 8.980 9.058 9.148 9.235 9.300 9.350 9.406 9.470 9.553 9.640 9.722 9.839 9.968 10.117 10.269 10.430 10.570 10.693 10.812 10.935 11.049 11.153 11.246 11.323 11.373 11.414 11.464 11.507 11.547 11.579 11.605 11.599 11.555 11.503 11.499 11.475 11.541 11.665 11.802 11.940 12.072 12.192 12.289 12.379 12.461 12.550 12.648 12.759 12.874 13.046 13.237 13.394 13.550 13.713 13.887 14.077 14.276 14.493 14.740 14.983 15.245 15.520 15.791 16.055 16.324 16.617 16.919
7.822 7.950 8.092 8.249 8.406 8.529 8.629 8.708 8.762 8.837 8.924 9.011 9.095 9.179 9.243 9.283 9.337 9.383 9.444 9.524 9.628 9.751 9.878 10.017 10.181 10.343 10.492 10.623 10.746 10.870 10.991 11.107 11.201 11.276 11.340 11.395 11.445 11.488 11.530 11.573 11.610 11.614 11.570 11.524 11.542 11.515 11.544 11.675 11.815 11.955 12.087 12.207 12.310 12.400 12.486 12.571 12.662 12.774 12.893 13.067 13.253 13.427 13.589 13.758 13.937 14.126 14.319 14.534 14.772 15.011 15.280 15.559 15.828 16.090 16.376 16.681 16.996
7.768 7.886 8.018 8.167 8.314 8.429 8.535 8.637 8.722 8.794 8.873 8.960 9.047 9.128 9.208 9.262 9.303 9.349 9.403 9.475 9.575 9.690 9.819 9.947 10.103 10.273 10.426 10.564 10.691 10.817 10.943 11.061 11.171 11.254 11.326 11.386 11.438 11.482 11.529 11.581 11.608 11.607 11.584 11.583 11.581 11.557 11.560 11.692 11.833 11.974 12.102 12.216 12.321 12.414 12.502 12.585 12.670 12.785 12.920 13.091 13.274 13.450 13.616 13.785 13.960 14.144 14.344 14.565 14.793 15.040 15.311 15.585 15.848 16.124 16.422 16.738 17.071
7.717 7.823 7.952 8.087 8.223 8.324 8.426 8.533 8.630 8.734 8.831 8.914 8.999 9.089 9.166 9.227 9.280 9.330 9.373 9.450 9.553 9.663 9.786 9.913 10.058 10.222 10.372 10.515 10.650 10.781 10.912 11.036 11.148 11.245 11.325 11.389 11.445 11.493 11.551 11.596 11.606 11.596 11.592 11.608 11.612 11.604 11.618 11.740 11.861 11.996 12.120 12.232 12.335 12.430 12.517 12.599 12.684 12.797 12.933 13.100 13.278 13.467 13.637 13.808 13.981 14.165 14.367 14.580 14.803 15.060 15.335 15.603 15.868 16.157 16.470 16.799 17.144
7.666 7.768 7.887 8.015 8.127 8.229 8.329 8.433 8.533 8.633 8.767 8.872 8.957 9.047 9.127 9.196 9.241 9.284 9.346 9.416 9.528 9.639 9.762 9.891 10.037 10.184 10.337 10.476 10.618 10.759 10.895 11.027 11.146 11.246 11.340 11.416 11.486 11.551 11.591 11.599 11.596 11.596 11.601 11.594 11.603 11.647 11.695 11.782 11.896 12.021 12.139 12.248 12.352 12.450 12.538 12.617 12.704 12.814 12.950 13.106 13.277 13.480 13.655 13.824 13.995 14.178 14.374 14.587 14.821 15.081 15.350 15.614 15.886 16.183 16.500 16.839 17.204
7.614 7.713 7.827 7.948 8.055 8.150 8.249 8.349 8.448 8.552 8.660 8.800 8.914 9.003 9.084 9.160 9.213 9.268 9.314 9.391 9.489 9.598 9.736 9.873 10.012 10.156 10.307 10.455 10.604 10.757 10.901 11.032 11.159 11.271 11.379 11.468 11.547 11.580 11.601 11.602 11.599 11.600 11.603 11.607 11.632 11.672 11.722 11.810 11.917 12.030 12.144 12.259 12.369 12.465 12.557 12.644 12.728 12.825 12.962 13.119 13.285 13.485 13.669 13.830 13.997 14.176 14.376 14.591 14.833 15.095 15.356 15.619 15.898 16.202 16.530 16.881 17.243
7.563 7.662 7.766 7.881 7.992 8.090 8.190 8.290 8.391 8.491 8.598 8.715 8.847 8.960 9.038 9.115 9.172 9.226 9.298 9.381 9.466 9.580 9.699 9.837 9.982 10.132 10.290 10.449 10.605 10.773 10.932 11.069 11.202 11.344 11.462 11.525 11.591 11.614 11.607 11.598 11.597 11.600 11.608 11.623 11.648 11.683 11.741 11.821 11.922 12.036 12.156 12.277 12.386 12.484 12.577 12.671 12.758 12.838 12.977 13.134 13.300 13.487 13.661 13.822 13.991 14.170 14.373 14.601 14.844 15.101 15.356 15.609 15.901 16.211 16.550 16.890 17.243
7.512 7.605 7.702 7.816 7.935 8.032 8.131 8.233 8.335 8.440 8.547 8.657 8.770 8.879 8.982 9.065 9.131 9.201 9.281 9.362 9.452 9.552 9.667 9.808 9.960 10.124 10.300 10.479 10.652 10.826 10.960 11.084 11.220 11.342 11.440 11.521 11.579 11.601 11.590 11.594 11.601 11.607 11.615 11.631 11.666 11.707 11.766 11.846 11.932 12.049 12.172 12.289 12.400 12.505 12.603 12.691 12.797 12.867 13.004 13.148 13.305 13.475 13.646 13.801 13.967 14.157 14.369 14.601 14.845 15.095 15.346 15.607 15.897 16.214 16.561 16.846 17.196
7.457 7.552 7.647 7.752 7.870 7.967 8.069 8.172 8.277 8.383 8.488 8.589 8.689 8.807 8.913 8.992 9.079 9.149 9.229 9.319 9.422 9.523 9.649 9.798 9.957 10.120 10.291 10.463 10.645 10.808 10.920 11.041 11.181 11.266 11.348 11.422 11.500 11.545 11.553 11.579 11.609 11.613 11.619 11.637 11.671 11.723 11.785 11.852 11.950 12.067 12.188 12.309 12.425 12.534 12.633 12.718 12.831 12.915 13.014 13.152 13.298 13.456 13.622 13.780 13.947 14.144 14.357 14.590 14.831 15.073 15.316 15.590 15.884 16.213 16.506 16.800 17.134
7.404 7.495 7.586 7.691 7.799 7.899 8.002 8.107 8.212 8.317 8.419 8.519 8.622 8.723 8.835 8.915 8.997 9.076 9.153 9.250 9.362 9.484 9.614 9.756 9.909 10.072 10.236 10.397 10.562 10.709 10.843 11.016 11.169 11.267 11.345 11.405 11.434 11.474 11.494 11.526 11.563 11.592 11.622 11.627 11.659 11.718 11.785 11.859 11.951 12.064 12.178 12.291 12.423 12.563 12.648 12.726 12.833 12.926 13.031 13.148 13.273 13.426 13.590 13.750 13.920 14.118 14.341 14.570 14.805 15.030 15.290 15.564 15.861 16.180 16.443 16.709 17.050
7.354 7.440 7.530 7.633 7.732 7.832 7.934 8.036 8.141 8.247 8.353 8.456 8.557 8.676 8.769 8.845 8.925 9.005 9.081 9.179 9.291 9.432 9.566 9.706 9.846 9.995 10.147 10.315 10.475 10.621 10.781 10.973 11.152 11.288 11.368 11.421 11.459 11.425 11.418 11.451 11.503 11.515 11.547 11.588 11.619 11.677 11.742 11.818 11.909 12.019 12.139 12.244 12.356 12.473 12.584 12.682 12.833 12.941 13.046 13.157 13.257 13.396 13.547 13.709 13.885 14.088 14.312 14.536 14.760 14.991 15.255 15.529 15.832 16.092 16.341 16.620 16.942
7.302 7.383 7.469 7.572 7.673 7.773 7.876 7.981 8.089 8.194 8.299 8.402 8.503 8.614 8.707 8.793 8.865 8.951 9.038 9.144 9.262 9.394 9.523 9.653 9.787 9.921 10.067 10.230 10.396 10.563 10.726 10.906 11.094 11.261 11.357 11.394 11.364 11.327 11.325 11.380 11.420 11.469 11.482 11.495 11.538 11.609 11.682 11.752 11.840 11.955 12.087 12.180 12.275 12.376 12.477 12.636 12.811 12.960 13.056 13.152 13.252 13.374 13.510 13.670 13.846 14.043 14.269 14.492 14.714 14.950 15.206 15.486 15.785 16.040 16.261 16.530 16.810
7.244 7.323 7.421 7.524 7.631 7.730 7.832 7.937 8.042 8.148 8.252 8.352 8.451 8.552 8.652 8.732 8.802 8.900 8.998 9.121 9.236 9.357 9.477 9.597 9.721 9.848 9.987 10.138 10.304 10.473 10.639 10.806 10.952 11.105 11.231 11.285 11.260 11.208 11.196 11.247 11.325 11.393 11.443 11.458 11.478 11.532 11.603 11.673 11.759 11.862 12.005 12.106 12.195 12.277 12.402 12.579 12.798 12.983 13.063 13.131 13.233 13.351 13.483 13.634 13.812 14.012 14.233 14.452 14.668 14.900 15.147 15.421 15.698 15.945 16.172 16.439 16.709
7.186 7.260 7.358 7.480 7.591 7.688 7.788 7.890 7.993 8.096 8.197 8.296 8.393 8.492 8.597 8.665 8.731 8.826 8.956 9.078 9.212 9.319 9.429 9.544 9.657 9.777 9.907 10.053 10.213 10.381 10.537 10.696 10.845 10.941 11.059 11.118 11.119 11.068 11.069 11.095 11.168 11.249 11.336 11.380 11.427 11.453 11.502 11.573 11.660 11.764 11.893 12.006 12.102 12.211 12.337 12.531 12.749 12.979 13.056 13.120 13.203 13.314 13.451 13.600 13.780 13.977 14.190 14.398 14.606 14.828 15.069 15.325 15.594 15.809 16.051 16.289 16.498
7.124 7.206 7.311 7.436 7.550 7.644 7.740 7.838 7.939 8.040 8.141 8.239 8.336 8.437 8.530 8.595 8.657 8.750 8.883 9.029 9.164 9.273 9.377 9.486 9.592 9.706 9.835 9.977 10.133 10.297 10.441 10.575 10.706 10.823 10.904 10.947 10.968 10.937 10.928 10.974 11.014 11.073 11.155 11.230 11.312 11.366 11.380 11.461 11.543 11.660 11.771 11.882 11.995 12.104 12.266 12.480 12.721 12.924 13.014 13.091 13.165 13.259 13.408 13.556 13.740 13.931 14.128 14.327 14.527 14.736 14.963 15.194 15.439 15.654 15.872 16.093 16.243
7.060 7.143 7.267 7.394 7.495 7.590 7.685 7.783 7.883 7.984 8.085 8.182 8.276 8.378 8.458 8.521 8.587 8.676 8.805 8.958 9.098 9.209 9.319 9.425 9.526 9.640 9.766 9.905 10.055 10.213 10.342 10.452 10.549 10.650 10.740 10.817 10.808 10.788 10.795 10.848 10.890 10.931 10.986 11.056 11.141 11.191 11.214 11.318 11.406 11.518 11.638 11.759 11.872 11.998 12.182 12.405 12.656 12.850 12.954 13.015 13.110 13.197 13.340 13.499 13.681 13.873 14.064 14.240 14.428 14.624 14.833 15.048 15.262 15.456 15.656 15.836 15.990
6.996 7.098 7.224 7.349 7.442 7.534 7.628 7.727 7.827 7.928 8.027 8.124 8.216 8.307 8.383 8.452 8.516 8.599 8.724 8.883 9.026 9.153 9.268 9.368 9.463 9.574 9.700 9.833 9.980 10.114 10.248 10.345 10.425 10.486 10.558 10.631 10.635 10.633 10.643 10.695 10.753 10.812 10.829 10.876 10.948 11.003 11.042 11.135 11.257 11.377 11.498 11.627 11.736 11.884 12.063 12.280 12.508 12.661 12.809 12.886 13.006 13.105 13.255 13.420 13.599 13.785 13.970 14.134 14.304 14.497 14.680 14.876 15.074 15.251 15.436 15.574 15.714
6.946 7.061 7.183 7.296 7.388 7.478 7.572 7.670 7.770 7.871 7.969 8.063 8.153 8.244 8.323 8.383 8.450 8.522 8.658 8.812 8.957 9.087 9.209 9.312 9.405 9.515 9.637 9.766 9.902 10.048 10.172 10.247 10.290 10.340 10.393 10.450 10.468 10.477 10.502 10.545 10.594 10.658 10.706 10.733 10.773 10.827 10.870 10.951 11.067 11.207 11.324 11.468 11.588 11.734 11.909 12.099 12.305 12.479 12.599 12.740 12.861 12.977 13.130 13.295 13.472 13.676 13.865 14.007 14.160 14.318 14.483 14.664 14.850 15.021 15.179 15.314 15.461
6.900 7.020 7.143 7.247 7.333 7.423 7.517 7.615 7.715 7.814 7.911 8.004 8.092 8.180 8.260 8.320 8.383 8.483 8.622 8.761 8.886 9.017 9.142 9.252 9.355 9.461 9.577 9.700 9.830 9.963 10.080 10.133 10.168 10.206 10.244 10.290 10.315 10.339 10.364 10.392 10.433 10.476 10.524 10.580 10.619 10.658 10.709 10.781 10.870 11.002 11.131 11.277 11.448 11.585 11.727 11.901 12.082 12.259 12.404 12.575 12.715 12.852 12.997 13.159 13.328 13.548 13.730 13.851 13.979 14.099 14.250 14.431 14.617 14.796 14.935 15.063 15.205
6.863 6.981 7.101 7.193 7.278 7.369 7.463 7.561 7.659 7.757 7.853 7.945 8.034 8.124 8.199 8.259 8.320 8.450 8.565 8.687 8.799 8.944 9.072 9.193 9.304 9.410 9.518 9.632 9.751 9.868 9.970 10.017 10.057 10.088 10.122 10.147 10.178 10.200 10.221 10.248 10.285 10.328 10.368 10.404 10.449 10.499 10.553 10.620 10.713 10.814 10.941 11.087 11.252 11.419 11.543 11.698 11.875 12.041 12.209 12.402 12.569 12.716 12.862 13.010 13.218 13.428 13.577 13.680 13.757 13.887 14.047 14.209 14.382 14.570 14.701 14.816 14.926
6.821 6.930 7.040 7.137 7.225 7.315 7.410 7.508 7.605 7.702 7.797 7.891 7.981 8.076 8.143 8.199 8.278 8.406 8.510 8.594 8.718 8.869 8.998 9.130 9.255 9.365 9.470 9.580 9.686 9.794 9.857 9.906 9.948 9.978 10.001 10.025 10.055 10.072 10.093 10.117 10.149 10.185 10.219 10.262 10.305 10.351 10.404 10.465 10.542 10.632 10.756 10.897 11.056 11.234 11.347 11.517 11.686 11.843 12.037 12.235 12.408 12.570 12.717 12.853 13.059 13.257 13.395 13.471 13.550 13.706 13.816 14.004 14.190 14.349 14.461 14.569 14.668
