13 48
803709 877521 1078603 1825690 1957338 1858212 2858868 555139 575905 2342408 2870906 2417009 718908
900 37.73012237 33.32806924 35.69967543 36.08586328 35.83112237 30.33671834 16.31950772 24.791037 25.6523692 22.06474351 17.039326 16.72509442 16.52219137
1800 37.74888521 33.33924441 35.7126899 36.09852006 35.85396955 30.34793216 16.35274242 24.80061927 25.65311248 22.06800084 17.05627795 16.73679796 16.53411657
2700 37.76697025 33.35030946 35.7254304 36.11058738 35.87406173 30.35768866 16.38531322 24.80947298 25.65370516 22.07024514 17.07158979 16.74812233 16.54655888
3600 37.78426791 33.36135833 35.73793308 36.12220249 35.89247949 30.36686168 16.41168491 24.81786622 25.65419354 22.07175301 17.08595013 16.75979395 16.55922911
4500 37.79967469 33.37177502 35.74290542 36.12593044 35.90706092 30.37369102 16.43941374 24.82964833 25.65548507 22.0748526 17.10151875 16.77373298 16.57424395
5400 37.81400159 33.38212417 35.74735939 36.12829908 35.91927396 30.38098245 16.46836949 24.84088326 25.65674264 22.07826588 17.11671437 16.7879609 16.58920199
6300 37.82733489 33.39238493 35.75135483 36.12963824 35.92966303 30.38839893 16.49774375 24.85165753 25.65799689 22.08187557 17.13170045 16.80075905 16.60432425
7200 37.83969977 33.40250166 35.75491685 36.13010918 35.93835164 30.39585297 16.526201 24.86196051 25.65926286 22.0856445 17.14493431 16.81464936 16.61960919
8100 37.85029075 33.41222206 35.75827648 36.12979424 35.94439028 30.40265326 16.55250838 24.86732848 25.65955512 22.0872015 17.15609865 16.82637565 16.63273595
9000 37.85961089 33.42170349 35.76117474 36.12907745 35.9488472 30.40900554 16.57785341 24.87209232 25.65986039 22.08810289 17.16802894 16.83753396 16.645738
9900 37.86771076 33.43088703 35.76357281 36.12811117 35.95194331 30.41501104 16.60245059 24.87622051 25.66016828 22.08857889 17.17987072 16.84848289 16.65853863
10800 37.87462624 33.43973571 35.76545746 36.1270032 35.95386751 30.4206512 16.62649963 24.87974561 25.66048132 22.08874187 17.19139535 16.85928159 16.67119864
11700 37.8803933 33.44827043 35.76677313 36.12565157 35.95453788 30.42589621 16.65013258 24.88261483 25.66092957 22.08883063 17.20276493 16.8701282 16.68376208
12600 37.88504947 33.45640478 35.76758802 36.12424674 35.95425944 30.43068715 16.67423303 24.88494844 25.66137114 22.08874682 17.21390458 16.88073849 16.69617517
13500 37.88863734 33.46411819 35.76791581 36.1228097 35.95317874 30.43498937 16.69726899 24.88677341 25.66181521 22.08853031 17.22483472 16.8912272 16.70850599
14400 37.89120239 33.47140414 35.76775543 36.12135052 35.95141026 30.43879412 16.71831976 24.88812392 25.66226154 22.0882126 17.23555237 16.90168584 16.72084896
15300 37.89300859 33.478238 35.7671621 36.11995447 35.94920171 30.44206675 16.73065918 24.88919929 25.66270303 22.0880737 17.24644863 16.91189084 16.73324964
16200 37.89552802 33.48460637 35.76608142 36.11854081 35.9465297 30.44495725 16.7515702 24.88988621 25.6631555 22.08793242 17.25697107 16.9221585 16.74550587
17100 37.89583967 33.49049392 35.76448203 36.11708972 35.94344008 30.44744958 16.77204856 24.8902115 25.6636111 22.08776936 17.26717393 16.93240664 16.7576439
18000 37.89498587 33.49587546 35.76235432 36.11557698 35.93998305 30.4495391 16.79228339 24.89020363 25.66406628 22.08758108 17.27717174 16.9425996 16.76976406
18900 37.89362115 33.50100998 35.76012293 36.11419504 35.93625015 30.45140484 16.81213421 24.88986423 25.66456575 22.08744946 17.28706808 16.95270382 16.78189099
19800 37.8915096 33.50561809 35.75740004 36.11270995 35.93224847 30.45287012 16.83239077 24.88924241 25.66506933 22.08732399 17.29687583 16.96273326 16.79389266
20700 37.88867969 33.5097311 35.75418632 36.11110107 35.92800296 30.45397576 16.85198748 24.88836998 25.66557323 22.08719678 17.30659036 16.97269362 16.80593469
21600 37.88516748 33.51334557 35.7504864 36.10935302 35.92354728 30.45475066 16.87125826 24.88727016 25.6660733 22.08705793 17.31619593 16.9825824 16.81799489
22500 37.88134654 33.51685651 35.74582276 36.10713486 35.91852707 30.45480417 16.89263024 24.88567281 25.66637094 22.08641566 17.3252466 16.99227341 16.82974793
23400 37.87693884 33.51988151 35.74066195 36.10472292 35.91326789 30.45452619 16.91174639 24.88384911 25.66664706 22.08562713 17.33425674 17.00186729 16.84111657
24300 37.87197119 33.52242723 35.73506096 36.10210897 35.90780918 30.45394809 16.93022407 24.88182236 25.66689737 22.08472276 17.34320346 17.0113553 16.85279616
25200 37.86647383 33.52449368 35.72904854 36.09927733 35.90217121 30.45310167 16.94761006 24.87961519 25.66712178 22.0837122 17.35210253 17.0207632 16.86494461
26100 37.8597055 33.52540167 35.72262788 36.0962527 35.89646552 30.45216506 16.96565049 24.8774218 25.667496 22.0828291 17.36118659 17.03038043 16.87744357
27000 37.85240668 33.52590048 35.71581091 36.09299214 35.89061628 30.45101714 16.98317397 24.87510867 25.66783945 22.08189226 17.37020673 17.04000385 16.88934589
27900 37.84463009 33.52592748 35.70859706 36.08949377 35.88462886 30.4496781 17.00033776 24.87268727 25.6681593 22.08088995 17.37919873 17.04956199 16.90082674
28800 37.83640668 33.52550529 35.70098231 36.08576173 35.87850502 30.44816608 17.01672669 24.87016921 25.6684551 22.0798202 17.38802041 17.05905195 16.91291151
29700 37.82804992 33.52497141 35.69290767 36.08168256 35.87217658 30.44638189 17.03318644 24.86752179 25.66865841 22.0788095 17.39727071 17.06928815 16.9253073
30600 37.81933375 33.52410232 35.68455073 36.07736904 35.86571646 30.44446501 17.04897058 24.86480115 25.66884413 22.07782217 17.40634277 17.07952572 16.93768144
31500 37.81026603 33.52291189 35.67596031 36.07283253 35.85912806 30.44242148 17.06455756 24.8620174 25.66900706 22.0768339 17.41541784 17.08977 16.94914712
32400 37.80085726 33.52139987 35.66716166 36.06808048 35.852415 30.44025846 17.07873305 24.85917896 25.66914626 22.0758296 17.42438495 17.09993471 16.96101203
33300 37.79185828 33.51960844 35.6589786 36.06455805 35.84685349 30.43937335 17.09668579 24.85787463 25.67007716 22.07588653 17.43323153 17.10948884 16.973614
34200 37.78263344 33.51757663 35.65067684 36.06106374 35.84140099 30.43865846 17.11166792 24.8567013 25.67096402 22.0760812 17.44208332 17.11909963 16.98571575
35100 37.77316562 33.51528562 35.64224637 36.05752898 35.83597617 30.43796856 17.12677672 24.85562616 25.67182272 22.07633086 17.45082025 17.12864962 16.99701019
36000 37.76347127 33.51273377 35.63371097 36.05393992 35.83054988 30.43723498 17.14257177 24.85463098 25.67265069 22.07660978 17.45946485 17.13803049 17.00918045
36900 37.75282028 33.50986207 35.62468067 36.04945416 35.82500003 30.4356479 17.15703905 24.85290683 25.67306129 22.07647065 17.4689657 17.14839183 17.02346061
37800 37.74192587 33.50670766 35.61553637 36.04485164 35.81931286 30.43376876 17.17540751 24.85115539 25.67344752 22.07621921 17.47852832 17.15884072 17.03659375
38700 37.73084918 33.50328073 35.60631742 36.04016377 35.81356602 30.4317346 17.18941473 24.84941854 25.67380815 22.07589331 17.48811951 17.16949634 17.0495986
39600 37.71961311 33.49960305 35.59704539 36.0353799 35.80777702 30.42960494 17.20764312 24.84771361 25.67414488 22.07550463 17.49768192 17.18041492 17.06264246
40500 37.70989715 33.49735446 35.58906585 36.03091837 35.80215144 30.42839536 17.22229153 24.84739649 25.67518603 22.07712277 17.50822894 17.19216704 17.07595498
41400 37.70022742 33.49488911 35.5811491 36.02631278 35.79659027 30.42721577 17.23947922 24.84731195 25.67621253 22.07912084 17.5188142 17.20451003 17.0894141
42300 37.69044455 33.49224764 35.57325341 36.02153724 35.79103435 30.42602774 17.25572517 24.84741598 25.67723466 22.08133628 17.52937722 17.21639888 17.10299989
43200 37.6806673 33.48944425 35.56537294 36.01661138 35.7854595 30.42481576 17.27284045 24.84767686 25.67824662 22.08371267 17.53995528 17.22875014 17.11670526
