13 48
803709 877521 1078603 1825690 1957338 1858212 2858868 555139 575905 2342408 2870906 2417009 718908
900 37.73022444 33.32807267 35.69967631 36.0860401 35.83101047 30.3367187 16.31950799 24.79103702 25.6523692 22.06474351 17.03932601 16.72509451 16.52223573
1800 37.74903272 33.33926112 35.7127261 36.09863798 35.85377604 30.34795095 16.352744 24.8006213 25.65311248 22.06800084 17.05627873 16.7368003 16.53418096
2700 37.76715549 33.35034694 35.7255284 36.11067186 35.87380807 30.35775256 16.38531781 24.80948414 25.65370518 22.07024514 17.07159278 16.74812877 16.54660524
3600 37.78448464 33.36141777 35.7380742 36.12226563 35.8921777 30.36697982 16.41169146 24.81789329 25.65419375 22.07175301 17.08595592 16.75980367 16.55923883
4500 37.79991737 33.37185404 35.74316479 36.12597831 35.90671818 30.37386216 16.43942295 24.82969492 25.65548584 22.0748526 17.10152495 16.77374215 16.57429292
5400 37.81426676 33.3822198 35.74779371 36.12833632 35.91889521 30.38120045 16.46838084 24.84095019 25.65674445 22.07826588 17.11672142 16.78797257 16.58925838
6300 37.82761871 33.39249499 35.75194867 36.12966846 35.92925652 30.38865552 16.49775699 24.85174374 25.65800024 22.08187557 17.13170916 16.80077386 16.60438411
7200 37.83999831 33.40262497 35.75557778 36.13013599 35.93791866 30.39613946 16.52621699 24.8620642 25.65926817 22.08564451 17.14493721 16.81466648 16.61966962
8100 37.85059818 33.41235794 35.75886011 36.12982178 35.94393263 30.40296124 16.55252696 24.8674474 25.65956274 22.08720154 17.15610934 16.82639518 16.63279497
9000 37.85992045 33.42185144 35.76162505 36.12911051 35.94836681 30.40932739 16.57787438 24.87222417 25.65987053 22.088103 17.16804181 16.83755569 16.64579649
9900 37.86801561 33.43104654 35.76388999 36.12815498 35.95144191 30.41534018 16.60247208 24.87636309 25.66018105 22.08857911 17.17988504 16.84850681 16.65860076
10800 37.87491867 33.43990626 35.76566285 36.12706311 35.95334667 30.4209821 16.62652489 24.87989689 25.66049673 22.08874228 17.19141108 16.85930771 16.67126479
11700 37.88066509 33.44845148 35.76689141 36.12573268 35.95399905 30.42622432 16.65015661 24.882773 25.66094756 22.08883134 17.20278193 16.87015706 16.68383312
12600 37.88529205 33.45659547 35.7676402 36.12435365 35.95370395 30.43100891 16.67426024 24.88511195 25.66139158 22.08874795 17.21392294 16.88077051 16.69624988
13500 37.88884179 33.46431767 35.767918 36.12294624 35.95260787 30.43530222 16.69729886 24.88694094 25.66183793 22.088532 17.22485456 16.89126166 16.7087007
14400 37.89136005 33.47161078 35.76771942 36.12151961 35.95082542 30.43909632 16.7183578 24.8882944 25.66228633 22.08821502 17.23557473 16.9017256 16.72061756
15300 37.89317796 33.47844942 35.76709634 36.1201581 35.94860385 30.44235713 16.73068864 24.88937188 25.66272969 22.08807704 17.24646864 16.91191449 16.73267599
16200 37.89566715 33.48482113 35.76599189 36.11877997 35.94591973 30.44523507 16.75157028 24.89006021 25.66318382 22.08793686 17.25697172 16.92213809 16.74492548
17100 37.8958242 33.49070884 35.76437275 36.11736449 35.94281888 30.44771432 16.77200626 24.89038636 25.66364085 22.0877751 17.26714564 16.93234113 16.75748998
18000 37.89488618 33.4960869 35.76222838 36.11588657 35.93935144 30.44979076 16.79221724 24.89037894 25.66409727 22.08758832 17.27712595 16.94252308 16.76974962
18900 37.89342845 33.50121209 35.75998492 36.11453796 35.93560882 30.45164351 16.81206646 24.89003969 25.66459777 22.08745841 17.2870213 16.95263382 16.78162984
19800 37.89121485 33.50581226 35.75725437 36.11308395 35.9315979 30.45309608 16.83232231 24.88941777 25.66510222 22.08733482 17.29682668 16.96265049 16.79356637
20700 37.88827435 33.50991278 35.75403623 36.11150354 35.92734328 30.45418944 16.8518998 24.8885451 25.66560682 22.08720967 17.30653008 16.97258819 16.80558454
21600 37.88464349 33.51351079 35.75033284 36.10978099 35.92287883 30.45495261 16.87116039 24.88744495 25.66610744 22.08707304 17.31612284 16.98245679 16.81772549
22500 37.88069651 33.51700141 35.74566426 36.107585 35.91785032 30.45499498 16.89251834 24.88584719 25.6664055 22.08643314 17.32516345 16.99213551 16.82970463
23400 37.87615593 33.52000257 35.74049179 36.10519181 35.91258323 30.45470643 16.91162422 24.88402305 25.66668191 22.0856471 17.33417119 17.00173728 16.84164765
24300 37.87104911 33.52252061 35.73486774 36.10259308 35.9071167 30.45411833 16.93025153 24.8819958 25.6669324 22.08474534 17.34314953 17.01127563 16.85356227
25200 37.8654068 33.52455306 35.72881939 36.09977321 35.90147103 30.45326243 16.94764656 24.87978812 25.66715689 22.08373746 17.3520891 17.02075363 16.8655609
26100 37.85848909 33.52544066 35.72235739 36.096757 35.89575771 30.45231683 16.96574984 24.87759421 25.66753112 22.0828571 17.36120864 17.03043096 16.87764075
27000 37.85103796 33.52594774 35.71550955 36.09350213 35.88990093 30.45116017 16.98327072 24.87528056 25.66787451 22.08192306 17.370256 17.04006067 16.88970386
27900 37.84310634 33.52591008 35.70828011 36.09000597 35.88390592 30.44981266 17.0004146 24.87285862 25.66819423 22.08092356 17.37922883 17.04965229 16.90155868
28800 37.83472404 33.52542532 35.70066649 36.08627305 35.87777332 30.44829248 17.01692268 24.87034002 25.66848985 22.07985665 17.38811656 17.05916603 16.91351409
29700 37.82620772 33.52482159 35.69260523 36.08219046 35.87143442 30.44650048 17.03318641 24.86769205 25.66869291 22.07884876 17.39733041 17.06945895 16.92564886
30600 37.81733184 33.52387538 35.68426369 36.07787118 35.86496521 30.44457618 17.04914487 24.86497082 25.66887834 22.07786424 17.40651013 17.07970417 16.93765823
31500 37.8081041 33.52260893 35.67568546 36.07332706 35.85836903 30.4425257 17.06487534 24.86218648 25.66904095 22.07687873 17.41551161 17.08991515 16.94987682
32400 37.7985349 33.52102912 35.6668938 36.06856576 35.85164795 30.44035617 17.07860111 24.85934742 25.66917979 22.07587715 17.42446076 17.10013289 16.96188938
33300 37.78937801 33.5191813 35.65871087 36.06503286 35.84607844 30.43946481 17.09676778 24.85804256 25.67011032 22.07593674 17.43342698 17.10974878 16.97383912
34200 37.78000202 33.51710012 35.65040791 36.06152666 35.84061813 30.43874384 17.11176502 24.85686851 25.67099677 22.07613401 17.44227113 17.11935548 16.9857731
35100 37.77038719 33.51476165 35.641977 36.05797884 35.83518552 30.43804798 17.12683829 24.85579262 25.67185504 22.07638618 17.45096844 17.12887599 16.99769939
36000 37.7605539 33.51216256 35.63344148 36.05437574 35.8297517 30.43730855 17.14274741 24.85479662 25.67268255 22.07666753 17.45961875 17.13827805 17.00949421
36900 37.74976807 33.50924101 35.62441083 36.04987503 35.82419467 30.43571565 17.15723639 24.85307161 25.67309265 22.07653073 17.46912883 17.14864144 17.02341215
37800 37.73874473 33.50603184 35.6152655 36.04525704 35.8185004 30.43383114 17.17539941 24.85131929 25.67347835 22.07628153 17.47868303 17.15905997 17.03679996
38700 37.72754479 33.50254571 35.60604498 36.04055339 35.81274663 30.43179231 17.18948657 24.84958153 25.67383843 22.07595776 17.4882608 17.16971139 17.04992793
39600 37.71619178 33.49880742 35.59677092 36.03575345 35.80695089 30.42965823 17.20788693 24.84787567 25.6741746 22.07557111 17.49780562 17.18062841 17.06300012
40500 37.7063665 33.49649651 35.588789 36.03127559 35.80131907 30.42844409 17.22218354 24.8475576 25.6752152 22.07719116 17.50836406 17.19238147 17.07628381
41400 37.69657924 33.49396768 35.58086914 36.02665357 35.79575183 30.42725983 17.24075614 24.84747207 25.67624114 22.07919103 17.51895537 17.20474634 17.08979406
42300 37.68665171 33.49126243 35.57296843 36.02186162 35.79019025 30.42606714 17.25617339 24.84757501 25.6772627 22.08140816 17.52951714 17.21662951 17.10349671
43200 37.67685973 33.48839597 35.56508061 36.01691947 35.78461001 30.42485043 17.27428707 24.84783479 25.67827406 22.08378612 17.54013656 17.2290104 17.11729077
