13 48
803709 877521 1078603 1825690 1957338 1858212 2858868 555139 575905 2342408 2870906 2417009 718908
900 37.7300734 33.32823391 35.69966944 36.08602005 35.82983781 30.33671596 16.31946471 24.79099781 25.65236913 22.06474122 17.03932601 16.72509449 16.52223364
1800 37.74893056 33.33937638 35.71268234 36.09865884 35.85229838 30.34794264 16.35267723 24.80057715 25.65311237 22.06799732 17.05627855 16.73680019 16.5341791
2700 37.76710434 33.35040253 35.72545833 36.11072284 35.87213838 30.3577398 16.38523559 24.80945526 25.6537051 22.07024052 17.07159158 16.74812839 16.54660076
3600 37.78448538 33.36144332 35.73799422 36.12233625 35.89037896 30.36696419 16.41144859 24.81788162 25.65419364 22.07174577 17.08595257 16.75980285 16.55923071
4500 37.79999234 33.37187571 35.74295446 36.12606211 35.90483026 30.3738396 16.43920541 24.8296955 25.6554857 22.07484131 17.10151815 16.77374055 16.57427855
5400 37.8144221 33.38225333 35.7473701 36.12842973 35.9169349 30.38116137 16.46825042 24.84095537 25.65674435 22.07824962 17.11670928 16.78796962 16.58924069
6300 37.82784581 33.39254983 35.75133491 36.12976945 35.92722024 30.38858874 16.49762038 24.85174642 25.65800016 22.08185391 17.13169112 16.80076903 16.60436361
7200 37.84028478 33.40270678 35.7548425 36.13024321 35.93582001 30.39603488 16.52605965 24.86205915 25.65926799 22.08561737 17.14491555 16.81465986 16.61964664
8100 37.85092983 33.41247068 35.75814785 36.12993427 35.94178415 30.40281176 16.55239518 24.86743212 25.65956218 22.08716904 17.15608095 16.82638674 16.63277002
9000 37.86028316 33.42199761 35.7610582 36.12922767 35.94617886 30.40912931 16.57774326 24.87219826 25.65986924 22.0880654 17.16800823 16.83754535 16.6457703
9900 37.86837682 33.43122755 35.76349393 36.12827656 35.94922293 30.41509266 16.60233686 24.87632747 25.66017864 22.08853669 17.17984719 16.84849451 16.65857328
10800 37.87526878 33.44012311 35.76541403 36.12718909 35.95110415 30.42068635 16.62638176 24.87985319 25.66049281 22.08869531 17.19136944 16.8592935 16.67123609
11700 37.88101277 33.44870388 35.76675543 36.1258632 35.95173942 30.42588287 16.65000346 24.88272321 25.6609418 22.08878009 17.2027362 16.87014075 16.68380338
12600 37.88565175 33.45688256 35.76758666 36.12448888 35.95143275 30.43062466 16.67409768 24.88505809 25.66138375 22.08869267 17.21387281 16.8807521 16.69622026
13500 37.88922654 33.4646394 35.76792359 36.12308633 35.95032906 30.43487829 16.69713634 24.88688493 25.66182786 22.0884729 17.2248003 16.89124169 16.70865464
14400 37.89178216 33.47196497 35.76776741 36.12166463 35.94853757 30.43863641 16.71833464 24.88823792 25.66227396 22.0881523 17.23551602 16.90170392 16.72062972
15300 37.8939042 33.4788332 35.76717511 36.12030797 35.9463049 30.44186549 16.73055551 24.88931637 25.662715 22.08801088 17.24640769 16.91189457 16.73266302
16200 37.89640481 33.48523727 35.76609352 36.11893452 35.94361535 30.44471624 16.75139654 24.89000681 25.66316689 22.08786742 17.25691068 16.92211861 16.74486636
17100 37.89652011 33.49115482 35.7644919 36.11752346 35.94051416 30.4471731 16.77185199 24.89033602 25.6636218 22.08770248 17.26708134 16.93231897 16.75743606
18000 37.89567762 33.49656023 35.76236142 36.11604966 35.93705041 30.44923138 16.79205384 24.89033237 25.66407626 22.08751259 17.27705558 16.94249663 16.76970434
18900 37.89432536 33.50171069 35.76012932 36.11470486 35.93331445 30.45106989 16.81190546 24.88999735 25.66457502 22.08737962 17.28694506 16.95260326 16.78154087
19800 37.89222554 33.50634903 35.75740859 36.11325438 35.92931537 30.45251178 16.83217775 24.88938003 25.66507794 22.08725302 17.29674449 16.96261655 16.79352013
20700 37.8894065 33.5104893 35.75419839 36.11167729 35.92507949 30.45359767 16.85163855 24.88851216 25.66558125 22.08712489 17.30644253 16.9725514 16.80553634
21600 37.88590396 33.51413072 35.75050292 36.10995793 35.92063248 30.45435624 16.8706745 24.88741694 25.66608083 22.08698531 17.31603071 16.98241774 16.81766244
22500 37.88209125 33.51766876 35.74584191 36.10776508 35.91562034 30.45439656 16.89134478 24.8858242 25.66637809 22.08634247 17.32506334 16.99209357 16.82963792
23400 37.87769005 33.52072245 35.74067657 36.10537508 35.91037977 30.45410833 16.91107863 24.88400505 25.66665394 22.0855535 17.3340437 17.00169118 16.84156108
24300 37.8727273 33.52329919 35.73505916 36.1027797 35.90494472 30.45352268 16.92964445 24.88198277 25.6669041 22.08464883 17.34300336 17.01122159 16.85347517
25200 37.86723348 33.52540435 35.72901674 36.09996341 35.89933089 30.45267105 16.94717966 24.87977994 25.66712847 22.08363807 17.35192272 17.02069284 16.86549465
26100 37.86046754 33.52633381 35.72256002 36.0969511 35.89364877 30.45173143 16.96555495 24.87759075 25.66750278 22.08275488 17.36105217 17.0303657 16.87750488
27000 37.85317017 33.52680555 35.71571701 36.09370052 35.88781987 30.45058264 16.98299546 24.87528166 25.66784643 22.08181805 17.37008525 17.03998827 16.88963946
27900 37.84539577 33.52690481 35.70849708 36.090209 35.88184068 30.44924473 17.00020249 24.8728641 25.66816658 22.08081584 17.3790829 17.04957289 16.90143487
28800 37.83717413 33.52653563 35.70089188 36.08648103 35.87572409 30.44773574 17.01666949 24.87034969 25.66846278 22.07974628 17.38795043 17.05908547 16.91343581
29700 37.82881623 33.52605141 35.69283171 36.08240379 35.86940661 30.44595628 17.03275762 24.86770573 25.66866657 22.07873584 17.397183 17.06937079 16.92546584
30600 37.82009747 33.52522055 35.68448623 36.07809027 35.86295553 30.4440455 17.0482112 24.86498839 25.66885284 22.07774886 17.40633381 17.0795977 16.93762589
31500 37.8110256 33.52404746 35.67589038 36.0735517 35.85637537 30.44200915 17.06403659 24.86220777 25.66901638 22.07676103 17.41534727 17.08983011 16.94975645
32400 37.8016123 33.52253118 35.66706295 36.06879621 35.84967115 30.43985425 17.07962562 24.85937232 25.66915624 22.07575724 17.4243218 17.10003905 16.96178837
33300 37.79261207 33.52071264 35.65885826 36.06526957 35.84411895 30.43897808 17.09536613 24.8580708 25.67008785 22.07581478 17.43327946 17.10965398 16.97370122
34200 37.78338606 33.51863108 35.65056159 36.06176986 35.83867575 30.43827268 17.11103088 24.85690013 25.67097545 22.07601016 17.44209327 17.11925395 16.98566256
35100 37.77391569 33.5162913 35.64215179 36.05822858 35.83325983 30.43759275 17.12767999 24.85582753 25.67183494 22.07626061 17.45080179 17.1287731 16.99754847
36000 37.76421593 33.51370716 35.63364088 36.05463203 35.82784223 30.43686987 17.14080417 24.85483474 25.67266372 22.07654041 17.45944509 17.13817269 17.0093022
36900 37.75355695 33.51081676 35.62463279 36.05013776 35.82230153 30.43529404 17.15891684 24.85311288 25.67307513 22.07640225 17.46893806 17.14852756 17.02312261
37800 37.74265584 33.50765091 35.61550645 36.04552603 35.81662312 30.43342651 17.17346032 24.85136361 25.67346216 22.07615188 17.47851459 17.15893422 17.03695381
38700 37.73157412 33.50421767 35.60630138 36.04082849 35.81088471 30.43140444 17.19131092 24.84962881 25.67382358 22.07582713 17.4880944 17.1696017 17.05034124
39600 37.72033489 33.50053689 35.59703947 36.0360345 35.80510366 30.42928722 17.20630209 24.84792578 25.67416109 22.07543968 17.4976677 17.18056956 17.06371453
40500 37.71061795 33.49828663 35.58906669 36.0315624 35.79948637 30.42809013 17.2232119 24.84761043 25.67520302 22.07705915 17.50829804 17.19239802 17.07714395
41400 37.70095382 33.49582133 35.58115346 36.02694598 35.79393381 30.42692262 17.23974402 24.84752755 25.67623029 22.07905862 17.51890039 17.20483428 17.09072392
42300 37.69117531 33.49318022 35.57325763 36.02215941 35.78838586 30.42574602 17.25704035 24.84763304 25.67725318 22.08127554 17.52952405 17.21678091 17.10430754
43200 37.68138943 33.49037695 35.56537325 36.01722241 35.78281762 30.42454452 17.27295209 24.84789537 25.67826588 22.08365346 17.54017245 17.22921892 17.11788307
