13 48
803709 877521 1078603 1825690 1957338 1858212 2858868 555139 575905 2342408 2870906 2417009 718908
900 37.73193354 33.32773332 35.70152023 36.08638617 35.83067288 30.33616512 16.31946812 24.79103291 25.6523692 22.06474607 17.03932601 16.72509451 16.52223483
1800 37.75091126 33.3388426 35.71504572 36.09905515 35.85336566 30.3467998 16.3526819 24.80059385 25.65311248 22.06800814 17.05627863 16.73680023 16.53417076
2700 37.76912552 33.34986056 35.72811732 36.1111349 35.87339956 30.35626453 16.38523622 24.80942193 25.65370518 22.07025758 17.07159209 16.7481281 16.54659227
3600 37.78654451 33.36083993 35.74084603 36.12276438 35.89179326 30.36537618 16.41123754 24.81779603 25.65419378 22.07177177 17.08595408 16.75980205 16.55922165
4500 37.80209266 33.37116981 35.74606191 36.12650413 35.90636623 30.37228078 16.43918411 24.82956562 25.65548602 22.07487868 17.1015202 16.77373929 16.57426822
5400 37.81657666 33.38142796 35.7507744 36.12888284 35.91858895 30.37971339 16.4684612 24.84079252 25.65674506 22.07829976 17.11671205 16.78796757 16.58922739
6300 37.83007551 33.39160352 35.75499471 36.1302308 35.92898489 30.38729372 16.49768371 24.85156114 25.65800165 22.08191724 17.13169673 16.80076602 16.60435109
7200 37.84260356 33.4016495 35.75868108 36.13071041 35.93767482 30.39491103 16.52620658 24.86185943 25.6592708 22.08569367 17.14492832 16.81465654 16.61963538
8100 37.85334694 33.41131585 35.76200599 36.13040542 35.94371125 30.40186381 16.55245575 24.86722295 25.65956693 22.08725768 17.15609631 16.82638347 16.63275971
9000 37.86279781 33.42076147 35.76479795 36.12970135 35.94816195 30.40835459 16.57777963 24.87198205 25.65987658 22.08816542 17.16802811 16.83754239 16.64576131
9900 37.87101495 33.42992561 35.7670698 36.12875168 35.95124732 30.41448409 16.60236486 24.87610509 25.66018915 22.08864707 17.17987071 16.84849198 16.65856441
10800 37.87802905 33.43877026 35.76884344 36.12766489 35.95315553 30.42023436 16.62641438 24.87962461 25.66050697 22.08881501 17.19139591 16.85929136 16.67122683
11700 37.88386988 33.44731621 35.77007033 36.12633903 35.95380417 30.42557659 16.6500533 24.88248779 25.66095997 22.08890812 17.2027659 16.87013888 16.68379299
12600 37.88859112 33.45547266 35.77081717 36.12496432 35.95349826 30.43045296 16.67417159 24.88481491 25.66140614 22.08882814 17.21390605 16.88075035 16.69620867
13500 37.89342479 33.46322047 35.77109406 36.1235611 35.95238426 30.43483016 16.69722977 24.88663296 25.66185458 22.08861503 17.22483742 16.89124012 16.70856984
14400 37.89703426 33.4705461 35.77089643 36.12213856 35.9505713 30.43870075 16.71829774 24.88797622 25.662305 22.0883004 17.23555709 16.90170134 16.72073231
15300 37.89898003 33.47742176 35.77027653 36.12078102 35.94831099 30.4420311 16.7305832 24.88904411 25.66275027 22.08816436 17.24645575 16.91190098 16.7327189
16200 37.89996033 33.48383942 35.76917748 36.11940666 35.94558945 30.44497203 16.75149006 24.88972347 25.66320623 22.08802573 17.25696543 16.92213131 16.74479917
17100 37.90003156 33.48977052 35.76756578 36.11799468 35.94244858 30.44750828 16.77194215 24.89004121 25.66366499 22.08786518 17.26714118 16.93232883 16.75731842
18000 37.89923906 33.49518242 35.76543056 36.1165199 35.93893832 30.44963567 16.79215579 24.89002584 25.66412304 22.08767927 17.2771158 16.9424969 16.76972776
18900 37.8979362 33.50034463 35.76319772 36.11517407 35.93515066 30.45153382 16.81201237 24.88967909 25.66462508 22.08754993 17.28700727 16.95260337 16.7816074
19800 37.89588503 33.50501733 35.76047913 36.1137224 35.93109333 30.45302654 16.83228777 24.88905009 25.66513098 22.08742666 17.29681344 16.9626206 16.79351831
20700 37.89311467 33.50918653 35.75725979 36.11214386 35.9267949 30.45415517 16.85238813 24.88817071 25.66563695 22.08730159 17.30651834 16.97255774 16.8056682
21600 37.88966108 33.51285642 35.75354671 36.11042274 35.92228556 30.45494913 16.87413871 24.88706419 25.66613886 22.08716483 17.31612076 16.98243446 16.81777971
22500 37.88589654 33.51642145 35.7488617 36.10822769 35.91721226 30.45501815 16.89366029 24.88546041 25.66643814 22.08652463 17.32521091 16.99212276 16.82975512
23400 37.88154252 33.51949686 35.74367744 36.10583505 35.91190126 30.45475256 16.91212127 24.88363057 25.66671569 22.08573813 17.3342691 17.00173807 16.84172224
24300 37.87662714 33.52208839 35.73805832 36.1032365 35.90639246 30.4541839 16.9303398 24.88159798 25.66696725 22.08483577 17.34326441 17.01129198 16.85363311
25200 37.87118085 33.52420453 35.73201612 36.10041655 35.90070728 30.45334418 16.94779019 24.87938523 25.66719275 22.08382718 17.35219898 17.02078156 16.86564501
26100 37.86446483 33.52515181 35.72556082 36.09740004 35.89495684 30.45241173 16.96585172 24.87718652 25.66756794 22.08294601 17.36131225 17.03046782 16.87769009
27000 37.85721644 33.52576003 35.7187217 36.09414474 35.88906663 30.45126625 16.98324725 24.87486834 25.66791223 22.08201108 17.37034426 17.04009931 16.88976316
27900 37.84948536 33.52583021 35.71150166 36.09064801 35.8830406 30.44992809 17.00036255 24.87244215 25.6682328 22.08101065 17.37930941 17.04969408 16.90163021
28800 37.84130594 33.52542825 35.70389123 36.08691436 35.87688172 30.44841533 17.01683143 24.86991954 25.66852921 22.07994274 17.38819722 17.05921145 16.91350038
29700 37.83299383 33.52489824 35.6958381 36.08283097 35.8705175 30.44662857 17.03298845 24.86726779 25.66873303 22.07893382 17.39738395 17.06949715 16.92565274
30600 37.82432014 33.52401849 35.6875058 36.0785108 35.86402454 30.44470692 17.04889585 24.864543 25.66891917 22.07794824 17.40656197 17.07973688 16.93765002
31500 37.81529663 33.52281247 35.67893709 36.07396572 35.85740655 30.44265742 17.06418361 24.86175525 25.66908244 22.07696166 17.41553399 17.08994936 16.94991496
32400 37.80593602 33.52129409 35.67015527 36.06920339 35.85066635 30.44048785 17.07979675 24.85891296 25.6692219 22.075959 17.42451501 17.10016652 16.96189563
33300 37.79698874 33.51951169 35.66198445 36.06566992 35.8450806 30.43959598 17.09688101 24.85760486 25.67015306 22.07601752 17.43348155 17.10978068 16.97385848
34200 37.78781382 33.51750854 35.65369675 36.06216329 35.83960701 30.43887367 17.11024008 24.85642803 25.67104008 22.07621373 17.44231234 17.11938558 16.98578424
35100 37.77839463 33.51526607 35.64528123 36.05861519 35.83416426 30.43817585 17.12768703 24.85534952 25.6718989 22.07646489 17.45100711 17.12890534 16.99768676
36000 37.76874496 33.5127736 35.63676018 36.05501197 35.82872278 30.43743405 17.14221551 24.854351 25.67272691 22.07674526 17.45964552 17.13830151 17.00949703
36900 37.75813835 33.50996279 35.62774141 36.05051087 35.82316007 30.43583865 17.15775954 24.85262355 25.67313746 22.07660751 17.46914588 17.14866091 17.02336992
37800 37.74728877 33.50686353 35.61860094 36.04589255 35.8174621 30.43395116 17.17520473 24.8508688 25.67352357 22.07635741 17.4787092 17.15907533 17.03666686
38700 37.73625613 33.50348466 35.60938363 36.04118861 35.81170654 30.43190872 17.18950595 24.84912864 25.67388406 22.07603277 17.48827553 17.16971882 17.05036343
39600 37.72506456 33.49984506 35.60011312 36.03638837 35.80591084 30.42977103 17.20765798 24.84742042 25.67422059 22.07564529 17.4978395 17.18066939 17.06361946
40500 37.71539422 33.49762702 35.5921411 36.03191008 35.80028008 30.42855365 17.22228082 24.84710002 25.67526157 22.07726457 17.50842543 17.19247611 17.07719311
41400 37.70578349 33.49518904 35.58422677 36.02728756 35.79471511 30.42736638 17.2400253 24.84701224 25.67628786 22.07926372 17.51905159 17.20491429 17.09079897
42300 37.6961626 33.49257189 35.57633074 36.02249503 35.78915709 30.42617093 17.25656778 24.84711321 25.67730976 22.08148019 17.52966635 17.21686082 17.10442557
43200 37.68651333 33.48978898 35.56844736 36.0175523 35.78358113 30.42495222 17.27396525 24.84737097 25.67832144 22.08385755 17.54031312 17.22930377 17.11807401
