13 48
803709 877521 1078603 1825690 1957338 1858212 2858868 555139 575905 2342408 2870906 2417009 718908
900 37.73009129 33.32809475 35.69739371 36.09740195 35.83115425 30.33669527 16.30885916 24.79095213 25.65778276 22.06718983 17.02041853 16.72270638 16.51751591
1800 37.74908323 33.33899821 35.70923359 36.1103654 35.85382693 30.34776932 16.34148173 24.80046347 25.65863407 22.07039104 17.03731955 16.73387404 16.56635488
2700 37.76720692 33.34995332 35.72142831 36.12239862 35.87386555 30.35724935 16.37358098 24.80927381 25.6592667 22.07228169 17.05329691 16.74660392 16.71233533
3600 37.7844267 33.36093873 35.73382051 36.13384373 35.89229596 30.36600716 16.40863831 24.81768612 25.65974245 22.07333415 17.07161922 16.76753657 16.91358741
4500 37.79969745 33.37134303 35.73887617 36.13738024 35.90692361 30.37232514 16.45469479 24.82953474 25.66100351 22.07596219 17.09839519 16.80545972 17.13825592
5400 37.81386969 33.38169937 35.74346963 36.13954106 35.91918692 30.37906483 16.51220636 24.84086759 25.6622227 22.07892677 17.13511411 16.86156858 17.26426622
6300 37.8270494 33.39202665 35.74761846 36.14067971 35.92962169 30.38593522 16.58819712 24.85175591 25.66343861 22.08212951 17.18038894 16.92771402 17.35083099
7200 37.83927128 33.40223309 35.7512876 36.14097191 35.93835668 30.39288102 16.6700095 24.86217912 25.6646705 22.08553748 17.22955079 16.9960513 17.41995826
8100 37.84973674 33.41204768 35.75465749 36.14050719 35.94444567 30.39922976 16.7502732 24.8676667 25.66492463 22.08678231 17.27591426 17.06085239 17.47706235
9000 37.85895589 33.42161497 35.75754677 36.13967173 35.94895689 30.40519518 16.82620577 24.87254757 25.66519561 22.08741635 17.32285248 17.12299042 17.52836319
9900 37.86698364 33.43087426 35.75995919 36.13861859 35.95211281 30.41087933 16.89800154 24.87679037 25.66547411 22.08766239 17.36884835 17.18365719 17.57522967
10800 37.87385804 33.43979243 35.76191369 36.13745503 35.95410322 30.41626027 16.96543992 24.88042721 25.66576224 22.08762755 17.4133904 17.24229012 17.6194636
11700 37.87961289 33.44838789 35.76334197 36.13607836 35.95484723 30.42130189 17.03025654 24.88340506 25.66619078 22.08754648 17.45658651 17.29907076 17.66095287
12600 37.88428489 33.45656945 35.76430146 36.13467647 35.95464933 30.42593853 17.09008359 24.88584431 25.66661602 22.08731766 17.4984619 17.35379301 17.70092508
13500 37.88790984 33.46432438 35.76479614 36.13326828 35.9536551 30.43012809 17.14599954 24.88777213 25.66704643 22.08697804 17.53916043 17.40678684 17.73875131
14400 37.89053371 33.47163881 35.76481704 36.13186151 35.95198053 30.43385556 17.19939058 24.88922301 25.66748135 22.08655714 17.57904007 17.46029206 17.77562514
15300 37.89233521 33.47851431 35.76441324 36.13053864 35.94986613 30.43708049 17.2568114 24.89039663 25.66791317 22.08633348 17.61796356 17.50937553 17.81076798
16200 37.89482584 33.48491765 35.76352613 36.12921686 35.94729195 30.43994822 17.30978389 24.8911799 25.66835769 22.08612513 17.65566248 17.55698398 17.84535373
17100 37.8954589 33.49084326 35.76212104 36.12787393 35.94430429 30.44243884 17.361065 24.89160016 25.66880685 22.08591162 17.69249917 17.60285203 17.87833614
18000 37.89472818 33.49627782 35.76018638 36.12648329 35.94095334 30.44454472 17.42464628 24.89168615 25.66925703 22.08568881 17.72856182 17.6466769 17.91031331
18900 37.89349264 33.50151716 35.7581474 36.12523453 35.93733473 30.44644132 17.47183971 24.89143964 25.66975324 22.08553797 17.76435158 17.68699947 17.94169801
19800 37.89151664 33.50616995 35.75561758 36.12389236 35.933453 30.44794902 17.51744961 24.89090981 25.670255 22.08540802 17.79940181 17.72798146 17.97218437
20700 37.8888262 33.51034269 35.75259423 36.1224335 35.92932908 30.44910636 17.54302008 24.89012835 25.67075844 22.08529106 17.83352662 17.76722011 18.00182432
21600 37.88545544 33.51402713 35.74907598 36.12084102 35.92499191 30.44994052 17.58544091 24.88911843 25.67125944 22.08517713 17.86591238 17.8051141 18.02994336
22500 37.88177669 33.51760961 35.74458681 36.11878364 35.92009037 30.45005885 17.62574005 24.88760973 25.67155761 22.08457474 17.89713702 17.84132474 18.05714494
23400 37.87751035 33.52070287 35.73958849 36.11653482 35.91494812 30.44985056 17.6662018 24.88587347 25.67183529 22.08384079 17.92782796 17.87607637 18.08340356
24300 37.87268247 33.52332233 35.73413347 36.11408477 35.90960494 30.44934611 17.70474679 24.88393269 25.67208847 22.08300566 17.95795926 17.90946869 18.1090506
25200 37.86732198 33.52547976 35.72824746 36.11141661 35.90408244 30.44857601 17.74228428 24.88180982 25.67231711 22.08207874 17.9875064 17.94160678 18.13391916
26100 37.86068715 33.52638133 35.72193827 36.10855398 35.89849135 30.44771906 17.77899833 24.87969896 25.67269862 22.08129331 18.01719327 17.97278647 18.15804566
27000 37.8535171 33.52704822 35.71523563 36.10545316 35.89275696 30.4466541 17.81590543 24.87746645 25.67305095 22.0804681 18.04566325 18.00282085 18.18158805
27900 37.84586711 33.52735168 35.70815497 36.10211242 35.88688164 30.44540074 17.85103549 24.87512367 25.67338101 22.07959102 18.07333803 18.03173122 18.20422058
28800 37.83776846 33.52708961 35.70068411 36.09853438 35.88086579 30.44397688 17.88476519 24.8726821 25.67368822 22.07865972 18.10025123 18.05957974 18.22638561
29700 37.82953094 33.52665554 35.69275303 36.09460631 35.87464745 30.44228244 17.91779862 24.87010901 25.67390333 22.07780003 18.12692938 18.08722788 18.2483164
30600 37.82092945 33.5258443 35.68453181 36.09044013 35.86829612 30.44045612 17.9499701 24.86746057 25.67410188 22.07697595 18.15294839 18.11397199 18.27008346
31500 37.81197152 33.52468479 35.67606674 36.08604662 35.86181422 30.43850417 17.98127072 24.86474691 25.67427871 22.07616309 18.17841488 18.13985035 18.29090678
32400 37.80266856 33.52319528 35.66738255 36.08143268 35.85520688 30.43643378 18.01159199 24.86197643 25.67443276 22.07534634 18.20324432 18.16484471 18.31060851
33300 37.79377783 33.52142771 35.65931145 36.07803744 35.84974641 30.4356432 18.04160967 24.86073889 25.67538754 22.07560247 18.22746005 18.1884092 18.32992651
34200 37.7846573 33.51942519 35.65111108 36.07466545 35.84439306 30.43502512 18.06882251 24.85962995 25.67630058 22.07600905 18.25107749 18.21125553 18.34819684
35100 37.77528851 33.51719493 35.64276603 36.07124821 35.8390649 30.43443387 18.09611612 24.8586165 25.67718656 22.07648251 18.27401775 18.23334005 18.36586957
36000 37.76568682 33.51475212 35.63430547 36.0677715 35.83373329 30.43380028 18.12367441 24.8576804 25.67804266 22.0769966 18.29640425 18.25462336 18.38265162
36900 37.75512393 33.51200648 35.62534247 36.06339598 35.82827756 30.43231368 18.15141461 24.85601297 25.67847819 22.0771036 18.31905568 18.27627628 18.40084442
37800 37.74431259 33.50897438 35.61626112 36.05889773 35.82268237 30.430535 18.17863839 24.85431642 25.67888911 22.07710829 18.34131724 18.29732456 18.41789457
38700 37.73331381 33.50567036 35.60710103 36.05430845 35.81702477 30.42860176 18.20449282 24.85263294 25.67927464 22.07704826 18.36306439 18.31778616 18.43382359
39600 37.72215051 33.50211731 35.59788383 36.04961871 35.81132183 30.42657299 18.22930871 24.85097995 25.67963637 22.07693483 18.38436182 18.33768063 18.44954327
40500 37.71250348 33.49998889 35.58995556 36.04524402 35.80577943 30.42546434 18.25456957 24.85071355 25.68070946 22.07883541 18.40602871 18.35838596 18.46532807
41400 37.7029041 33.49763876 35.58208615 36.04072099 35.80029905 30.42438553 18.27947259 24.85067797 25.68176958 22.08112458 18.42716715 18.37838344 18.48135986
42300 37.69309445 33.49510526 35.57423406 36.03602403 35.79482167 30.42329791 18.30385479 24.850829 25.68282598 22.0836397 18.44800939 18.39774014 18.49667344
43200 37.68347085 33.49240024 35.56639125 36.031173 35.78932354 30.42218647 18.32843717 24.85113493 25.68387253 22.08632432 18.46838231 18.41650384 18.51154484
