13 48
803709 877521 1078603 1825690 1957338 1858212 2858868 555139 575905 2342408 2870906 2417009 718908
900 37.72915935 33.32825743 35.70293442 36.08047424 35.83001382 30.32902166 16.31866365 24.79089415 25.6523692 22.06471275 17.03932601 16.72509451 16.52223195
1800 37.74679444 33.33989128 35.71656117 36.09201868 35.85290999 30.33951222 16.35188892 24.80034773 25.65311247 22.06794902 17.05627813 16.73680013 16.53416506
2700 37.76436117 33.35122111 35.72965359 36.10423942 35.87307994 30.35004658 16.38321449 24.80917305 25.6537051 22.07017496 17.0715846 16.74812722 16.54657062
3600 37.78145708 33.36238686 35.74235208 36.11637674 35.89158139 30.36077878 16.40697227 24.81758996 25.6541934 22.07166044 17.08593192 16.75979826 16.55918025
4500 37.79684346 33.37279713 35.74751491 36.12070113 35.90624453 30.36937783 16.43670931 24.82942446 25.65548493 22.0747333 17.10146103 16.77372898 16.57416991
5400 37.81125476 33.38305653 35.75215425 36.12365615 35.91853616 30.3784037 16.46639821 24.84072845 25.65674246 22.07811682 17.11660745 16.78794255 16.58907217
6300 37.82474736 33.39317937 35.75625297 36.12553269 35.92898248 30.38739633 16.49580197 24.85158168 25.65799631 22.08169508 17.13155305 16.80072047 16.6041608
7200 37.83728785 33.40314161 35.75976507 36.12647929 35.93772113 30.39622408 16.52484516 24.86196822 25.65926113 22.08543191 17.14477806 16.81459175 16.6194239
8100 37.84804338 33.41271224 35.76287917 36.12657786 35.94380709 30.40420226 16.55151879 24.86742195 25.6595512 22.08695701 17.15590511 16.82630031 16.63253558
9000 37.857526 33.42205952 35.76546374 36.12621833 35.94831035 30.4115535 16.57709935 24.87227245 25.65985313 22.08782727 17.16782124 16.83744263 16.64553416
9900 37.86577266 33.4311307 35.76754441 36.12556086 35.95144893 30.41840383 16.60196341 24.87648702 25.66015654 22.08827319 17.17965799 16.84837737 16.65834181
10800 37.87279305 33.43989305 35.76914845 36.12472072 35.95341034 30.42475934 16.62629657 24.88009717 25.66046408 22.08840734 17.19118389 16.85916514 16.67101376
11700 37.87858976 33.44836625 35.77023128 36.12360248 35.95411333 30.43061293 16.65001225 24.88304936 25.66090601 22.08846867 17.20255754 16.8700022 16.68359234
12600 37.88313055 33.45646561 35.77086189 36.12240272 35.95386356 30.4359279 16.67447124 24.88546339 25.66134066 22.0883589 17.2137037 16.88060576 16.69602667
13500 37.88623419 33.46417712 35.77105076 36.12114661 35.95280743 30.44068299 16.6974952 24.88736597 25.66177741 22.0881179 17.22464402 16.89109335 16.70848863
14400 37.88596884 33.47147498 35.77079293 36.11984764 35.95105436 30.44488217 16.71809818 24.88879103 25.6622162 22.08777729 17.23537459 16.90155829 16.72040867
15300 37.86983539 33.47834076 35.77013934 36.11859392 35.94885164 30.44849915 16.73133374 24.88993797 25.6626501 22.08761706 17.24627576 16.91175011 16.73248567
16200 37.87091653 33.48476659 35.76903131 36.11730682 35.94618183 30.45169295 16.75279286 24.89069327 25.66309508 22.08745603 17.25678069 16.92197738 16.74475583
17100 37.87112376 33.49071515 35.76743409 36.11596878 35.94309252 30.45445433 16.77305639 24.89108393 25.66354336 22.08727476 17.26697147 16.93218528 16.75733973
18000 37.8704411 33.49614265 35.76533523 36.1145575 35.93963484 30.45678429 16.79282063 24.89113848 25.66399151 22.08706972 17.27697282 16.94237536 16.76961942
18900 37.86922295 33.50133808 35.76315573 36.11326712 35.93590084 30.45886604 16.81314544 24.89085857 25.66448427 22.08692274 17.28688447 16.95249592 16.78152279
19800 37.86721992 33.50605144 35.76050473 36.11186405 35.93189794 30.46052422 16.83266715 24.89029344 25.66498151 22.08678324 17.29669891 16.96252304 16.79347474
20700 37.86447161 33.51026806 35.7573686 36.11032855 35.92765297 30.46180209 16.8523737 24.8894751 25.66547947 22.08664327 17.30640564 16.97247103 16.80550038
21600 37.86100908 33.51399292 35.75375291 36.1086467 35.92319785 30.46273102 16.87272299 24.88842693 25.66597401 22.08649285 17.31599787 16.98234869 16.81765122
22500 37.85722538 33.51762048 35.74918045 36.10648841 35.91817821 30.46292158 16.89305198 24.88687894 25.66626657 22.08584008 17.32504085 16.99203591 16.82964278
23400 37.85282616 33.52076401 35.74411153 36.10413168 35.91292008 30.46276783 16.91196986 24.88510253 25.666538 22.08504201 17.33405803 17.00164689 16.8416011
24300 37.84784371 33.52342747 35.73859854 36.10156854 35.90746301 30.46230186 16.93115728 24.88312095 25.66678404 22.08412903 17.34303645 17.01119488 16.85351604
25200 37.84231459 33.52563223 35.73266348 36.09878383 35.90182246 30.46155534 16.9482749 24.88095716 25.66700457 22.08311069 17.35197042 17.0206808 16.86552461
26100 37.83547429 33.5266328 35.72631428 36.09580283 35.89610998 30.46070777 16.96600749 24.87880546 25.66737526 22.08222057 17.36108038 17.03036441 16.87760272
27000 37.82809659 33.52738977 35.71958042 36.09258457 35.89025323 30.45963846 16.98351438 24.87653236 25.66771553 22.08127745 17.37011529 17.03999943 16.88967632
27900 37.82024821 33.5276048 35.71246857 36.08912813 35.88425876 30.45836842 17.00062817 24.87414939 25.66803252 22.08026949 17.37908635 17.04959404 16.90149974
28800 37.81194971 33.5273431 35.70496492 36.08543597 35.87813439 30.45691659 17.01670681 24.87166825 25.66832576 22.0791947 17.38795037 17.05910886 16.91350973
29700 37.80352958 33.526908 35.69701241 36.0813946 35.87181087 30.45518401 17.03309736 24.8690563 25.66852678 22.07817952 17.39717022 17.06940492 16.92561039
30600 37.79474951 33.5260843 35.68877767 36.07711658 35.86535888 30.45331299 17.0497019 24.8663697 25.66871046 22.07718827 17.40633746 17.0796489 16.93761499
31500 37.78561732 33.52490733 35.68030342 36.0726118 35.85878097 30.45130959 17.06569192 24.86361877 25.66887158 22.07619657 17.41532494 17.08985898 16.94984185
32400 37.77615096 33.52340003 35.67161224 36.06788833 35.8520809 30.44918136 17.08120558 24.86081191 25.66900918 22.07518929 17.42427736 17.10007467 16.96184879
33300 37.76712572 33.52161582 35.66352488 36.06439072 35.84653416 30.44832508 17.09806219 24.85953855 25.66993855 22.07524374 17.4332528 17.10969051 16.97381054
34200 37.75788683 33.51959594 35.65531252 36.0609138 35.84109681 30.44763099 17.11282266 24.8583942 25.67082407 22.07543647 17.44210898 17.11930222 16.98575702
35100 37.74840091 33.51734032 35.64696742 36.05739124 35.83568764 30.44695769 17.12849937 24.8573461 25.67168162 22.07568462 17.4508275 17.1288324 16.99770108
36000 37.73868014 33.51485512 35.63851305 36.05381076 35.83027768 30.4462392 17.14292031 24.85637641 25.6725086 22.07596244 17.4594874 17.13824455 17.00950463
36900 37.72798248 33.51207157 35.62956072 36.04933123 35.82474452 30.44466934 17.15956515 24.8546764 25.6729184 22.07582262 17.46899977 17.14861761 17.02344164
37800 37.71703985 33.50901533 35.62049022 36.04473498 35.81907412 30.44280944 17.17604769 24.85294818 25.67330391 22.07557084 17.47856066 17.15904129 17.03683944
38700 37.70591607 33.50568838 35.61134011 36.04005343 35.81334439 30.44079562 17.19210805 24.85123374 25.67366391 22.07524491 17.4881445 17.16969444 17.04998123
39600 37.69463952 33.50210507 35.60213228 36.03527568 35.8075729 30.43868632 17.20715342 24.84955037 25.67400009 22.07485651 17.49768795 17.18062045 17.06303712
40500 37.68491396 33.49994294 35.59421065 36.03082011 35.80196544 30.43749727 17.22398493 24.84925402 25.67504065 22.07647533 17.50822168 17.19237915 17.07632905
41400 37.67524653 33.4975563 35.58634307 36.02621957 35.79642291 30.4363342 17.23971879 24.84918909 25.67606664 22.07847455 17.51877944 17.20474087 17.08980477
42300 37.66557291 33.49498541 35.57849285 36.02144918 35.790886 30.43516006 17.25655203 24.84931129 25.67708833 22.08069149 17.52930912 17.2166206 17.1034589
43200 37.65587605 33.49224424 35.57065217 36.01652834 35.78533092 30.43396071 17.27272286 24.84958902 25.67809991 22.08306969 17.53987719 17.22899184 17.11720932
