13 48
803709 877521 1078603 1825690 1957338 1858212 2858868 555139 575905 2342408 2870906 2417009 718908
900 37.73112297 33.32580323 35.69986832 36.08356758 35.82751395 30.34013196 16.31324483 24.79521942 25.65400801 22.06251491 17.04003363 16.72631508 16.52151577
1800 37.75025825 33.33623149 35.71287014 36.09553609 35.84871098 30.35162224 16.34586343 24.80462296 25.65422514 22.06564067 17.05592241 16.73788781 16.53343821
2700 37.76819568 33.34692197 35.72562103 36.10670029 35.86806757 30.36135125 16.37684607 24.813489 25.65461614 22.06800695 17.07061395 16.74960945 16.54589934
3600 37.78516907 33.3577412 35.73801779 36.11756818 35.88615753 30.37032842 16.40644957 24.82193652 25.65500918 22.06969567 17.08452484 16.76123488 16.55851797
4500 37.80023811 33.3680122 35.74277398 36.12072704 35.90062609 30.37686436 16.43828207 24.83380345 25.65624734 22.07297044 17.09972628 16.77471881 16.57358077
5400 37.81427154 33.37826921 35.74695057 36.1226669 35.91284403 30.38379888 16.46832373 24.8451594 25.65747176 22.07653141 17.11464795 16.78865794 16.58819878
6300 37.82736181 33.38845621 35.75067579 36.12368638 35.92331233 30.3908175 16.49331816 24.85608449 25.65870329 22.08025835 17.12933197 16.80298816 16.60324582
7200 37.83952027 33.39850375 35.75395725 36.12392003 35.93213327 30.39785266 16.52086681 24.86656446 25.65995281 22.08411695 17.14383752 16.81732418 16.61809873
8100 37.84993732 33.40815067 35.7570051 36.12342981 35.93835088 30.4042287 16.546322 24.87213319 25.66023396 22.08574196 17.15632678 16.82900474 16.63087486
9000 37.85913612 33.41755019 35.75964454 36.12258595 35.94301682 30.41016831 16.57102333 24.87710027 25.66053051 22.0866967 17.16588149 16.83978772 16.6435826
9900 37.86716455 33.42665021 35.7618622 36.12153228 35.94633306 30.41578606 16.59537798 24.88142845 25.66083175 22.08721496 17.17672757 16.8504206 16.65613693
10800 37.87406234 33.43541496 35.76366514 36.12037093 35.94847823 30.42107272 16.61908946 24.88514738 25.66113966 22.08741224 17.18775342 16.8610901 16.66870438
11700 37.87987135 33.44386993 35.76497763 36.11899575 35.94936474 30.42600337 16.6425334 24.88820304 25.6615838 22.0875302 17.19877583 16.87204212 16.6811353
12600 37.88462808 33.4519331 35.7658473 36.11759418 35.94929434 30.43052032 16.66551615 24.89071499 25.66202189 22.08747269 17.20963589 16.88280472 16.69351458
13500 37.88837641 33.45958456 35.76627147 36.11618506 35.94841193 30.43458781 16.6889308 24.89271019 25.66246274 22.08728114 17.2203386 16.89348598 16.70584348
14400 37.89174744 33.46682021 35.76623622 36.1147764 35.9468276 30.43819536 16.71108538 24.89422309 25.66290588 22.0869886 17.23089877 16.90405773 16.71806061
15300 37.8947026 33.47362243 35.76578691 36.11345183 35.94478877 30.44130538 16.73286924 24.895453 25.66334397 22.08687636 17.24169846 16.91338802 16.73034837
16200 37.89585241 33.47997442 35.76486297 36.11212941 35.94227876 30.4440647 16.75373906 24.8962873 25.66379292 22.08676457 17.25229211 16.92357439 16.74270417
17100 37.89609869 33.48586177 35.76342877 36.11078761 35.93934612 30.44645399 16.77307471 24.89675363 25.66424491 22.08663507 17.26268642 16.93371795 16.75491806
18000 37.89551155 33.49126604 35.76147239 36.10940075 35.9360412 30.44846532 16.79185537 24.89688129 25.66469652 22.0864855 17.27290938 16.94380697 16.76724225
18900 37.89443938 33.49648882 35.75941858 36.10816027 35.9324566 30.45027356 16.81116077 24.89667288 25.66519243 22.08639834 17.28301725 16.95383688 16.77922774
19800 37.89263837 33.50114877 35.75689053 36.10683064 35.92860051 30.45169773 16.82015893 24.8961775 25.66569262 22.08632329 17.29294281 16.96379061 16.79152251
20700 37.89013433 33.50534673 35.75387206 36.10538887 35.92449698 30.45277522 16.83921445 24.89542766 25.66619346 22.08625289 17.30262065 16.97368708 16.80342773
21600 37.88696052 33.50906913 35.75036722 36.10381826 35.92017589 30.4535328 16.85862354 24.89444701 25.66669098 22.08617749 17.31196085 16.98350163 16.8152921
22500 37.88348854 33.51270687 35.74590073 36.10178597 35.91528569 30.45357657 16.87879899 24.89296678 25.66698704 22.08560559 17.3207517 16.99306529 16.82703687
23400 37.87943624 33.5158759 35.74093356 36.09956675 35.91015321 30.45329536 16.8984667 24.89125796 25.66726238 22.08489467 17.32948519 17.00251771 16.83856025
24300 37.8748283 33.51858412 35.73551775 36.09715146 35.90482608 30.45271974 16.91637079 24.88934382 25.6675129 22.08407489 17.33820182 17.01185124 16.85039666
25200 37.86969482 33.52084199 35.72968024 36.094523 35.89932892 30.45187991 16.93377232 24.88724711 25.66773858 22.08315549 17.34693729 17.02112774 16.86191445
26100 37.86329369 33.52189537 35.72343553 36.09170351 35.89376599 30.45095398 16.95083267 24.88516164 25.66811504 22.0823696 17.35580461 17.03060243 16.8738384
27000 37.85636162 33.52253986 35.71681164 36.08865152 35.88805841 30.44982084 16.96750907 24.88295459 25.66846189 22.08153539 17.36467123 17.04007911 16.88560676
27900 37.84894753 33.52297608 35.7098362 36.0853648 35.88221127 30.44849957 16.98443554 24.8806381 25.6687863 22.0806406 17.37340095 17.04968254 16.89730282
28800 37.84108274 33.52287368 35.70253604 36.08184547 35.87623041 30.4470079 17.00178 24.87822462 25.66908783 22.07968278 17.38207924 17.05927146 16.90902795
29700 37.83308419 33.52252653 35.69481257 36.07797876 35.87005069 30.44524576 17.01782023 24.87568071 25.66929807 22.07878775 17.3911512 17.06925977 16.92081129
30600 37.82472056 33.52179667 35.68678335 36.0738775 35.86374146 30.44335205 17.03546337 24.87306236 25.66949199 22.07791926 17.40014292 17.07913834 16.93287882
31500 37.81600034 33.52073023 35.67845888 36.06955087 35.85730707 30.44133306 17.05213965 24.8703798 25.66966441 22.07705263 17.40909649 17.08945659 16.94464609
32400 37.80693973 33.5193505 35.66986903 36.06500498 35.85075459 30.43919613 17.06914256 24.86764166 25.66981437 22.07617248 17.41793453 17.09921906 16.95666343
33300 37.79829929 33.5177096 35.6618761 36.06168435 35.84535812 30.43834314 17.08457174 24.8664313 25.6707565 22.07635543 17.42686027 17.10855034 16.96823374
34200 37.78943693 33.51584888 35.65375838 36.05838689 35.84007003 30.43766562 17.10034309 24.86534926 25.67165639 22.07667728 17.43566258 17.11794407 16.98008186
35100 37.78032835 33.51376517 35.64550216 36.05504219 35.83480856 30.43701664 17.11592819 24.86436366 25.67252968 22.07705488 17.44441712 17.12709919 16.99176214
36000 37.77098413 33.51145839 35.63712814 36.05163601 35.82954531 30.43632641 17.13148197 24.86345646 25.67337369 22.07746241 17.45316302 17.13651688 17.00388182
36900 37.76067033 33.5088532 35.62824596 36.04732526 35.82415651 30.43478203 17.14767494 24.86182253 25.67380212 22.07745254 17.46263624 17.1468564 17.01788747
37800 37.75010236 33.50597021 35.61923736 36.04288824 35.81862969 30.43294464 17.16313657 24.86016045 25.67420699 22.07733109 17.47225959 17.15736685 17.0312134
38700 37.73934221 33.50281188 35.61014353 36.03835729 35.81304236 30.43095306 17.17842624 24.85851157 25.67458716 22.07713583 17.48184803 17.16807487 17.04450679
39600 37.72841285 33.49939212 35.60098668 36.03372349 35.80741263 30.42886736 17.19422599 24.85689319 25.67494428 22.07687808 17.49138776 17.17842047 17.05754973
40500 37.71898835 33.49738687 35.59311023 36.02940756 35.80194621 30.42770599 17.21062424 24.85665514 25.6760059 22.07862598 17.50191643 17.19062312 17.07064777
41400 37.70960783 33.49515711 35.58528746 36.02494273 35.79654378 30.42657682 17.22680145 24.85664625 25.67705419 22.08075103 17.51243812 17.20275331 17.08391119
42300 37.70020125 33.4927441 35.57747777 36.02030302 35.79114882 30.42544035 17.24459254 24.85682388 25.67809915 22.08309088 17.52295444 17.2146004 17.09731917
43200 37.69074988 33.49016066 35.56967569 36.01550786 35.7857405 30.42428068 17.26051397 24.85715687 25.67913483 22.08558945 17.53348534 17.2266337 17.11075579
