13 48
803709 877521 1078603 1825690 1957338 1858212 2858868 555139 575905 2342408 2870906 2417009 718908
900 37.72914865 33.32808266 35.69977717 36.08634127 35.83061555 30.33832096 16.31888892 24.79107801 25.652333 22.06410606 17.03997663 16.72567701 16.52207108
1800 37.7475376 33.33930551 35.71263313 36.09903025 35.85325407 30.35030438 16.3497726 24.80052321 25.6531148 22.06733611 17.05683782 16.73736854 16.53402514
2700 37.7653161 33.35039577 35.72529985 36.11085639 35.87323069 30.36052469 16.37978377 24.80931005 25.65373236 22.06955031 17.07210647 16.74861343 16.54644991
3600 37.7823128 33.36142461 35.73781922 36.12218829 35.89157407 30.37000266 16.4118692 24.81767393 25.65423777 22.07102557 17.0864226 16.76013496 16.55900834
4500 37.79745014 33.37180543 35.74281625 36.1256733 35.90609958 30.37703713 16.44357727 24.82944398 25.65554183 22.07409433 17.10195304 16.773963 16.57400015
5400 37.81156087 33.38209338 35.74726409 36.12786207 35.91826608 30.38445847 16.47196002 24.84067892 25.65680899 22.07747857 17.11715499 16.78821037 16.58900458
6300 37.82472644 33.39227286 35.75123719 36.12908096 35.92861027 30.3919477 16.49849612 24.85146851 25.65807052 22.08106036 17.13216048 16.80223509 16.60420517
7200 37.83695493 33.40229354 35.75472444 36.12947959 35.93726782 30.39943215 16.52630647 24.86179522 25.65934154 22.08480169 17.14548523 16.81615149 16.61951995
8100 37.84743153 33.41190633 35.75791431 36.12912908 35.94328124 30.40623118 16.55250959 24.86719065 25.65963667 22.08632915 17.15650935 16.82787577 16.63260835
9000 37.85666787 33.42126662 35.76062811 36.12840529 35.94771592 30.41256099 16.57778912 24.87198663 25.6599427 22.08720018 17.16836573 16.83909031 16.6456276
9900 37.86471934 33.43033182 35.76287858 36.12745539 35.95079154 30.41853054 16.60216012 24.87614942 25.66024916 22.0876454 17.18015521 16.85024701 16.65818722
10800 37.87161408 33.43906647 35.76466855 36.12638351 35.95269628 30.42412744 16.62602383 24.87971068 25.6605587 22.08777721 17.1917548 16.86121035 16.67065262
11700 37.87738345 33.44748946 35.76593512 36.12508476 35.95334778 30.42932617 16.64956085 24.88261707 25.66100159 22.08783498 17.20317646 16.87122621 16.6832207
12600 37.88207059 33.45551769 35.76673636 36.12374724 35.95305305 30.43407074 16.6735705 24.8849886 25.6614362 22.08772045 17.21433904 16.88194465 16.69558001
13500 37.88571422 33.46313295 35.76707598 36.12238979 35.9519626 30.43832773 16.69639278 24.8868519 25.66187199 22.08747321 17.2252773 16.89254775 16.70790414
14400 37.88836278 33.47032181 35.76694487 36.12102034 35.95018214 30.44208948 16.71841453 24.88824112 25.66230897 22.0871248 17.23597689 16.90301577 16.720294
15300 37.8901196 33.47708269 35.76639229 36.11972226 35.94795772 30.44532198 16.73010372 24.8893556 25.66274032 22.08695534 17.24686427 16.9131311 16.73265421
16200 37.89096907 33.48338001 35.76535958 36.11841295 35.94527089 30.44817523 16.75182311 24.89008224 25.66318209 22.0867838 17.25739566 16.92326128 16.74496117
17100 37.89097923 33.48920435 35.76381194 36.11707091 35.94217235 30.45063274 16.77200028 24.89044819 25.66362662 22.08659089 17.2676007 16.93337885 16.757066
18000 37.89020144 33.49454305 35.76173795 36.11567041 35.93871276 30.45269145 16.79216522 24.89048212 25.66407058 22.0863733 17.27758511 16.94345522 16.76918793
18900 37.88896926 33.49970488 35.75956356 36.1144029 35.93498081 30.45452928 16.8122681 24.89018569 25.66455884 22.08621307 17.28747081 16.953461 16.78115494
19800 37.88703591 33.5043232 35.75690292 36.11303314 35.93098189 30.45596924 16.83218589 24.88960771 25.66505137 22.08605967 17.29726134 16.9634042 16.79312158
20700 37.88442211 33.50841362 35.75375467 36.11153867 35.92673903 30.45705167 16.85194898 24.88877967 25.66554449 22.08590533 17.30694878 16.97328119 16.80512216
21600 37.88114713 33.5120365 35.75011746 36.10990364 35.92228143 30.45780524 16.87041039 24.88772463 25.66603418 22.08574027 17.31652302 16.98310131 16.81720041
22500 37.87756255 33.51556421 35.74551426 36.10779612 35.9172575 30.45783927 16.88852645 24.8861723 25.66632196 22.0850725 17.32553073 16.99275071 16.82905932
23400 37.87339004 33.5186046 35.74040547 36.10549189 35.91199402 30.45754337 16.90643659 24.88439383 25.6665888 22.08425946 17.33450386 17.00230855 16.84090643
24300 37.86865605 33.52117178 35.73484145 36.10298205 35.90653227 30.45694873 16.92331809 24.8824122 25.66683043 22.08333179 17.34334196 17.01181872 16.85264086
25200 37.86338367 33.52331361 35.72884503 36.10025042 35.90089345 30.45608645 16.93980878 24.88024991 25.66704681 22.08229917 17.35212128 17.02124597 16.86445606
26100 37.85684314 33.52416624 35.72240308 36.09732147 35.89518872 30.45513464 16.9583018 24.87810102 25.66741359 22.08139531 17.36103757 17.03089071 16.87625904
27000 37.8497586 33.52471284 35.71552356 36.09415196 35.88934318 30.45397207 16.97696529 24.87583196 25.6677502 22.08043885 17.36991508 17.04046681 16.88815144
27900 37.84217915 33.52480552 35.708279 36.09074047 35.8833523 30.45261913 16.99683854 24.87345389 25.66806383 22.07941803 17.37870893 17.05003049 16.89995874
28800 37.83413739 33.52450188 35.70073684 36.08709085 35.87722659 30.45109413 17.0134387 24.8709783 25.66835403 22.07833084 17.38755116 17.05954704 16.91173347
29700 37.82594382 33.52407839 35.69280463 36.08308998 35.87090265 30.44929745 17.03071203 24.86837244 25.66855234 22.07730376 17.39673177 17.06984695 16.9239864
30600 37.81737211 33.52328838 35.68460264 36.07885118 35.8644501 30.44736792 17.04727699 24.86569238 25.66873363 22.07630113 17.40593226 17.08010527 16.93606397
31500 37.80843388 33.52214228 35.67615475 36.07438431 35.85787373 30.44531191 17.06246895 24.86294807 25.66889267 22.07529854 17.41494264 17.09028626 16.94831938
32400 37.79915186 33.52065062 35.6674792 36.06969645 35.85117492 30.44313657 17.07854699 24.86014692 25.6690285 22.07428093 17.42392616 17.10037421 16.96032121
33300 37.79028641 33.51887071 35.65939831 36.06623452 35.84562931 30.44223921 17.09661209 24.85888032 25.66995631 22.07432613 17.43293949 17.10976021 16.97229063
34200 37.78120368 33.51685487 35.65118119 36.06279753 35.8401944 30.44151277 17.1100469 24.85774298 25.6708404 22.07451028 17.4418435 17.11907108 16.98421908
35100 37.77188075 33.51459234 35.64282274 36.05931671 35.83478811 30.44081224 17.12759845 24.85670218 25.67169684 22.0747504 17.45065864 17.12834766 16.9960886
36000 37.76232726 33.51208381 35.63435052 36.05577803 35.82938239 30.44006912 17.14234563 24.85573972 25.67252306 22.0750207 17.45944305 17.13766491 17.00790707
36900 37.75181026 33.50926727 35.62537649 36.05133939 35.82385513 30.43847375 17.15777349 24.85404746 25.67293247 22.07487378 17.46902759 17.14831095 17.02185378
37800 37.74103986 33.50617547 35.61628468 36.04678069 35.81819165 30.4365877 17.17492378 24.85232698 25.6733179 22.07461538 17.47863458 17.15917619 17.0352608
38700 37.73007874 33.50282032 35.60711507 36.04213403 35.81246954 30.43454798 17.18936609 24.85061988 25.67367806 22.07428344 17.48823317 17.16946359 17.04840341
39600 37.71894989 33.49922133 35.59788749 36.03738882 35.80670634 30.43241334 17.20687524 24.8489434 25.67401459 22.07388961 17.49777218 17.18026872 17.0614683
40500 37.70933574 33.49704955 35.58994816 36.0329641 35.80110799 30.4311984 17.2219613 24.84865242 25.67505563 22.07550458 17.50830317 17.19222838 17.07469354
41400 37.69977789 33.49465881 35.58206668 36.02839321 35.79557441 30.43001339 17.23967097 24.84859176 25.67608217 22.07750042 17.51883732 17.20454688 17.08821376
42300 37.69020467 33.49209017 35.57420126 36.02365012 35.79004657 30.42882035 17.25566871 24.84871788 25.67710463 22.07971412 17.52927508 17.21638361 17.10191747
43200 37.68059888 33.48935819 35.56634734 36.01875454 35.7845012 30.42760356 17.27402066 24.84899925 25.67811714 22.08208918 17.53977158 17.22871141 17.11563433
