13 48
803709 877521 1078603 1825690 1957338 1858212 2858868 555139 575905 2342408 2870906 2417009 718908
900 37.73100137 33.3276797 35.69959712 36.08455819 35.83101046 30.33620239 16.31894148 24.79104467 25.65237152 22.06474359 17.03932599 16.72509451 16.52223659
1800 37.75021911 33.33845166 35.71261882 36.09722986 35.85377583 30.34748337 16.35196757 24.80066068 25.65311624 22.06800202 17.05627736 16.73680028 16.53417329
2700 37.76866184 33.34908001 35.72541996 36.10941435 35.87380744 30.35747379 16.38451032 24.80955437 25.65371023 22.07024771 17.07158551 16.74812785 16.54660763
3600 37.7862633 33.35981899 35.73797417 36.12115023 35.89217684 30.36689536 16.41147807 24.81799106 25.65420004 22.07175629 17.08593859 16.75980115 16.55932728
4500 37.8019321 33.3700545 35.74307643 36.12498086 35.90671742 30.37394614 16.43925896 24.82981722 25.65549332 22.07485556 17.10150096 16.7737428 16.57430056
5400 37.81648927 33.38031567 35.74771745 36.12743576 35.91889485 30.38142506 16.46831243 24.84109425 25.65675304 22.07826754 17.11669441 16.78797377 16.5892521
6300 37.83002983 33.39055224 35.75188427 36.12884753 35.92925681 30.38899392 16.49758282 24.85190729 25.65800983 22.08187519 17.13167902 16.80077265 16.60436987
7200 37.84258203 33.40068951 35.75552494 36.12938069 35.93791978 30.39656812 16.52594541 24.86224542 25.65927868 22.08564162 17.14490356 16.81466301 16.61965032
8100 37.85334329 33.41045852 35.75881878 36.12912078 35.94393472 30.40346173 16.55217809 24.8676449 25.65957404 22.08719591 17.15607215 16.82638952 16.63277144
9000 37.86283174 33.42000666 35.76159533 36.12845488 35.94837 30.40988464 16.57746464 24.87243686 25.65988256 22.0880946 17.16799953 16.83754757 16.64576797
9900 37.87110321 33.42926817 35.76387265 36.12753766 35.95144627 30.41594226 16.60201611 24.87659 25.66019374 22.08856806 17.17983696 16.84849579 16.65856689
10800 37.87819176 33.43820112 35.76565872 36.12647853 35.95335226 30.42161981 16.62603705 24.8801371 25.66051001 22.0887288 17.19135685 16.85929333 16.67122323
11700 37.88413346 33.44682217 35.76690126 36.12517635 35.95400587 30.42689055 16.64963911 24.88302561 25.66096139 22.0888157 17.20272038 16.87013846 16.68378527
12600 37.8889668 33.45504287 35.76766472 36.123822 35.95371199 30.43169838 16.67372896 24.88537606 25.66140594 22.0887305 17.21385297 16.88074746 16.69620075
13500 37.89273219 33.46284086 35.76795768 36.12243632 35.95261707 30.436011 16.69678588 24.8872157 25.66185279 22.0885131 17.22477759 16.89123463 16.70864051
14400 37.89556407 33.47020567 35.76777457 36.12102891 35.95083568 30.43982144 16.7178332 24.88857892 25.6623017 22.08819507 17.23549079 16.90169391 16.72055807
15300 37.89847103 33.47712185 35.76716691 36.11968448 35.94861511 30.44309634 16.7307228 24.88966539 25.66274554 22.08805644 17.24637827 16.91187848 16.73260537
16200 37.8996304 33.48356382 35.76607764 36.11832152 35.9459319 30.44598661 16.75291223 24.89036194 25.66320016 22.08791599 17.25687819 16.92209745 16.74484376
17100 37.89966515 33.48952098 35.76447334 36.11691952 35.94283187 30.4484763 16.77317277 24.89069566 25.66365768 22.08775431 17.2670667 16.9322964 16.75742826
18000 37.89883132 33.49496957 35.76234335 36.11545365 35.9393652 30.45056247 16.79288089 24.89069522 25.66411458 22.08756791 17.27707554 16.94247884 16.76972806
18900 37.89748333 33.50019299 35.76011382 36.11411586 35.9356233 30.45242385 16.81248004 24.89036238 25.66461558 22.08743867 17.286995 16.95259476 16.78160494
19800 37.89538196 33.50484851 35.75739671 36.11267144 35.9316131 30.45388405 16.83250465 24.88974636 25.66512053 22.08731602 17.29681356 16.96261869 16.79357143
20700 37.89255721 33.50901709 35.7541906 36.1110995 35.9273592 30.45498417 16.85199025 24.88887915 25.66562563 22.08719204 17.30652165 16.97256358 16.80559318
21600 37.88904689 33.51268779 35.75049928 36.10938481 35.9228955 30.45575319 16.87173859 24.88778406 25.66612676 22.08705681 17.31611307 16.98243799 16.81773221
22500 37.8852268 33.51625332 35.74584234 36.10719595 35.91786782 30.45580088 16.89279824 24.88619108 25.66642531 22.08641848 17.32515419 16.99212085 16.82971369
23400 37.88081734 33.51932543 35.74068095 36.10480947 35.91260163 30.45551732 16.91155981 24.88437148 25.66670222 22.08563417 17.33417011 17.00172674 16.84166503
24300 37.87584657 33.52190601 35.73506731 36.10221692 35.9071361 30.4549337 16.92973698 24.8823485 25.66695319 22.08473427 17.3431454 17.01126959 16.85357833
25200 37.87034566 33.52406859 35.72902858 36.09940277 35.90149154 30.45408171 16.94721322 24.88014487 25.66717817 22.08372838 17.35206796 17.02075025 16.86556824
26100 37.86357434 33.52496134 35.72257554 36.09639243 35.89577942 30.45313991 16.96537938 24.87795482 25.66755287 22.0828501 17.3611715 17.03042776 16.87762184
27000 37.85627435 33.52546598 35.71573599 36.09314386 35.88992396 30.45198654 16.98286087 24.87564485 25.66789672 22.08191823 17.3701983 17.04005336 16.88969913
27900 37.84849683 33.52551963 35.70851561 36.08965419 35.88393037 30.45064232 17.00006496 24.87322643 25.6682169 22.08092097 17.37916865 17.04964153 16.90152569
28800 37.84027467 33.52519839 35.70091034 36.08592718 35.8777993 30.44912513 17.01652443 24.87071121 25.66851297 22.07985635 17.388041 17.05915067 16.91347995
29700 37.83192393 33.52476188 35.69285554 36.08185076 35.87146201 30.44733575 17.03269793 24.86806653 25.66871647 22.07885079 17.39724754 17.06943789 16.92559238
30600 37.82321342 33.52395265 35.68451911 36.07753768 35.86499448 30.44541341 17.04838964 24.8653485 25.66890232 22.07786863 17.40641951 17.079675 16.93759224
31500 37.8141516 33.52277354 35.67594529 36.07299944 35.85840006 30.44336446 17.06404177 24.86256729 25.66906534 22.07688551 17.41539768 17.08988201 16.94983869
32400 37.80475031 33.52123423 35.6671574 36.06824397 35.85168079 30.44119623 17.07974688 24.85973131 25.66920458 22.07588632 17.42436266 17.1000947 16.96182372
33300 37.79576496 33.51939872 35.65897807 36.06471706 35.84611313 30.44030536 17.09500628 24.85842958 25.67013553 22.0759483 17.43332073 17.10970446 16.97377302
34200 37.78655378 33.51732258 35.65067782 36.06121653 35.84065467 30.43958409 17.11116528 24.85725833 25.67102239 22.07614796 17.44214778 17.11930625 16.98569058
35100 37.77709723 33.51499876 35.64224852 36.05767417 35.83522391 30.43888778 17.12765859 24.85618506 25.67188106 22.07640252 17.45084869 17.12882228 16.9976059
36000 37.76741431 33.51243181 35.6337138 36.0540764 35.82979192 30.43814808 17.14083018 24.85519158 25.67270897 22.07668624 17.45948595 17.13821789 17.00939746
36900 37.75677416 33.50956042 35.62468321 36.04958069 35.82423667 30.43655558 17.15902557 24.85346902 25.67311943 22.07655179 17.46899351 17.14857622 17.02331173
37800 37.74589301 33.50641603 35.61553755 36.04496742 35.81854413 30.43467184 17.17350661 24.85171914 25.67350548 22.0763049 17.47856293 17.15898891 17.03664181
38700 37.73483226 33.50300376 35.60631635 36.04026861 35.81279202 30.43263364 17.19128441 24.8499838 25.67386591 22.07598342 17.48814595 17.16963076 17.05014227
39600 37.72361547 33.4993422 35.59704115 36.03547355 35.80699787 30.43050075 17.20733394 24.84828032 25.6742024 22.07559902 17.49771213 17.18057199 17.06346195
40500 37.71392254 33.49710914 35.58905751 36.03100061 35.80136754 30.42928789 17.22423669 24.84796456 25.67524333 22.07722131 17.50832469 17.1923777 17.07708289
41400 37.70428924 33.49465802 35.5811354 36.02638335 35.79580168 30.42810458 17.24024873 24.84788117 25.67626959 22.07922338 17.51898257 17.20481182 17.09072334
42300 37.69464596 33.49202962 35.57323226 36.02159605 35.79024138 30.42691262 17.25744905 24.84798608 25.67729148 22.08144269 17.52963247 17.21677429 17.1043964
43200 37.68496906 33.4892376 35.5653417 36.01665848 35.7846623 30.42569657 17.27319661 24.84824761 25.67830316 22.08382281 17.54027989 17.22922639 17.11799622
