13 48
803709 877521 1078603 1825690 1957338 1858212 2858868 555139 575905 2342408 2870906 2417009 718908
900 37.7279263 33.32813245 35.69985409 36.08472553 35.83100904 30.33492063 16.31892335 24.79104562 25.65239381 22.06474308 17.03932498 16.72509451 16.5222317
1800 37.74567262 33.3393234 35.71313 36.09690512 35.85377088 30.3462031 16.34870558 24.80065153 25.65315873 22.06801226 17.05626762 16.73680008 16.5341706
2700 37.76350979 33.35038696 35.72608262 36.1087974 35.87380031 30.35638384 16.37795352 24.80952707 25.65376424 22.07027163 17.07155645 16.74812718 16.54656054
3600 37.7808761 33.36139367 35.73872937 36.12040839 35.89216854 30.36601859 16.40963779 24.81793911 25.65426156 22.0717941 17.08586164 16.75979482 16.55911448
4500 37.79647644 33.37172141 35.74388416 36.12421731 35.90670854 30.37326016 16.44155435 24.82973643 25.65556033 22.07490706 17.10135899 16.77371443 16.57408586
5400 37.81104358 33.38194899 35.74854984 36.12670514 35.91888576 30.38089853 16.47251742 24.84098203 25.65682428 22.07833243 17.11651871 16.78791817 16.58904637
6300 37.82462257 33.39207634 35.75272097 36.12817571 35.9292478 30.38859872 16.50032481 24.85176153 25.65808446 22.08195303 17.13151841 16.80069839 16.60423658
7200 37.83722292 33.402065 35.75635144 36.12877756 35.93791106 30.39628031 16.52676266 24.86206429 25.65935607 22.08573189 17.14483379 16.81458948 16.61961208
8100 37.84803049 33.41167279 35.75962572 36.12858705 35.94392643 30.40326217 16.55192927 24.86742697 25.65965345 22.08729794 17.15600908 16.8263287 16.63278365
9000 37.85755707 33.42106213 35.76237955 36.12798583 35.94836222 30.40975776 16.57707573 24.87218124 25.65996337 22.08820757 17.16794957 16.83750201 16.64579014
9900 37.86584372 33.43017619 35.76463114 36.12712575 35.95143909 30.41587501 16.60150408 24.87629646 25.66027536 22.08869116 17.17978614 16.84846108 16.65857886
10800 37.8729282 33.43897681 35.76639156 36.12611466 35.9533457 30.42160178 16.62547265 24.87980601 25.66059187 22.08886125 17.19129837 16.85926463 16.67121687
11700 37.87884975 33.44748157 35.7676103 36.12485087 35.95399995 30.42691354 16.64909224 24.8826579 25.66104298 22.08895677 17.20265002 16.87011044 16.68376196
12600 37.88364353 33.45560201 35.76835272 36.12352493 35.95370669 30.43175597 16.67304001 24.88497312 25.66148681 22.08887947 17.21376977 16.88071728 16.6961685
13500 37.88735008 33.46331457 35.76862783 36.12215784 35.95261236 30.4360981 16.69607884 24.88677922 25.66193256 22.08866926 17.22468367 16.89120209 16.70858978
14400 37.89002384 33.47060939 35.76843015 36.12075974 35.95083152 30.43993395 16.71837934 24.88811084 25.66238009 22.08835774 17.23538598 16.90165763 16.72047186
15300 37.89205678 33.47746481 35.76781124 36.119416 35.94861138 30.44323077 16.73597668 24.88916771 25.66282238 22.08822501 17.24627058 16.91183583 16.73252312
16200 37.89467713 33.48385857 35.76671381 36.11804623 35.94592847 30.44614006 16.75132862 24.88983676 25.66327536 22.08808984 17.25682346 16.92205212 16.74485556
17100 37.89493533 33.48977828 35.76510395 36.11663119 35.94282861 30.44864637 16.77161333 24.89014502 25.66373124 22.08793287 17.26702262 16.93226124 16.75743389
18000 37.89415153 33.49519715 35.76297063 36.11514735 35.93936194 30.45074757 16.79132131 24.89012112 25.66418659 22.08775066 17.27700336 16.9424502 16.76968429
18900 37.89285061 33.50038587 35.76073974 36.11378782 35.93561987 30.45262248 16.81125586 24.88976675 25.66468619 22.08762513 17.28688884 16.95256387 16.78155068
19800 37.89079575 33.50502649 35.75802302 36.11231921 35.93160932 30.45409486 16.83091078 24.88913111 25.66518994 22.08750573 17.29667717 16.96257937 16.79346747
20700 37.88801613 33.50918004 35.75481751 36.11072168 35.92735495 30.45520593 16.85025535 24.88824601 25.66569407 22.0873846 17.3063583 16.9725122 16.80546076
21600 37.88454894 33.51283674 35.75112956 36.10898129 35.92289064 30.45598493 16.86925816 24.88713463 25.6661945 22.0872518 17.31591967 16.98237253 16.81760382
22500 37.88076867 33.5163891 35.74647706 36.10676776 35.9178622 30.45604175 16.88729708 24.88552682 25.6664926 22.08661556 17.32492563 16.99204487 16.82953336
23400 37.87639776 33.51945357 35.74132094 36.10435824 35.91259517 30.45576653 16.90613608 24.88369377 25.66676933 22.085833 17.33385684 17.00162926 16.84141335
24300 37.87146329 33.5220382 35.73571342 36.10174483 35.90712871 30.45519046 16.92650291 24.88165872 25.66702043 22.08493455 17.34271567 17.01114596 16.85323949
25200 37.86599621 33.5241529 35.7296811 36.09891243 35.90148318 30.45434518 16.94440355 24.87944419 25.66724581 22.08392983 17.3516138 17.02057871 16.86510593
26100 37.85925565 33.52503972 35.72323555 36.09588667 35.89577011 30.45340906 16.96270786 24.87724432 25.66762122 22.08305248 17.36066574 17.03021474 16.87715395
27000 37.85197824 33.52551228 35.71640391 36.09262612 35.88991374 30.45226014 16.98030274 24.87492555 25.66796606 22.0821213 17.36972788 17.03979649 16.88910728
27900 37.84421912 33.52576734 35.7091903 36.0891278 35.8839193 30.4509192 16.99724926 24.87249926 25.66828746 22.08112456 17.37863735 17.04934372 16.9010753
28800 37.83601118 33.52548051 35.70159149 36.08539545 35.8777874 30.44940467 17.01405961 24.869977 25.66858499 22.08006028 17.3875361 17.05883049 16.91286394
29700 37.827673 33.52494831 35.69354519 36.0813165 35.87144944 30.44761754 17.03047615 24.86732599 25.66879016 22.07905496 17.39670324 17.06908104 16.92509479
30600 37.81897388 33.52403328 35.6852179 36.07700439 35.8649814 30.44569736 17.04675973 24.86460234 25.66897786 22.07807294 17.40587595 17.07930021 16.93711298
31500 37.80992095 33.52278057 35.67665323 36.07247019 35.85838666 30.44365028 17.06289239 24.86181606 25.6691429 22.07708988 17.41490984 17.0894806 16.94914639
32400 37.80052652 33.52121249 35.66787435 36.06772142 35.85166723 30.44148348 17.07880562 24.8589754 25.66928429 22.07609073 17.4237918 17.09965819 16.96126591
33300 37.79154119 33.51938695 35.65970283 36.0642011 35.84609961 30.44059279 17.09576289 24.85766926 25.6702177 22.07615273 17.43279217 17.10924952 16.97318105
34200 37.78232658 33.51735112 35.65141094 36.06070823 35.84064139 30.43987086 17.11059514 24.85649463 25.67110718 22.07635241 17.44165944 17.1188397 16.98514465
35100 37.77286554 33.51508723 35.6429904 36.05717508 35.83521108 30.43917372 17.1268834 24.85541855 25.67196858 22.07660704 17.45040127 17.12835844 16.9970851
36000 37.76317972 33.51258645 35.63446852 36.05358787 35.82977973 30.43843328 17.14006944 24.85442269 25.6727993 22.07689093 17.4590893 17.13776574 17.00887334
36900 37.75253656 33.50977805 35.62545331 36.04910517 35.82422535 30.43684084 17.15753399 24.8526981 25.67321255 22.07675677 17.46859993 17.14813468 17.02283162
37800 37.74164926 33.50668818 35.61631677 36.04450649 35.81853385 30.43495754 17.1729604 24.85094637 25.67360141 22.07651037 17.47818745 17.15854455 17.03620813
38700 37.7305781 33.50332005 35.60710291 36.03982337 35.81278298 30.43292005 17.19002245 24.84920936 25.67396468 22.07618956 17.48778144 17.16916464 17.04935518
39600 37.71934759 33.49969227 35.59783449 36.03504512 35.80699025 30.43078772 17.20665662 24.84750441 25.67430403 22.07580606 17.49733994 17.18009585 17.06243442
40500 37.70963835 33.49748444 35.5898576 36.03058973 35.80136151 30.42957469 17.22298439 24.84718738 25.67534797 22.07742939 17.50795278 17.19187452 17.0757218
41400 37.6999824 33.49505115 35.5819422 36.02599082 35.79579741 30.42839073 17.24018299 24.84710305 25.67637729 22.07943266 17.51856786 17.20419875 17.0892654
42300 37.69023004 33.49243406 35.57404528 36.02122239 35.790239 30.42719812 17.25616098 24.84720747 25.67740225 22.08165335 17.52916736 17.21613632 17.10296314
43200 37.68041351 33.48964817 35.56616078 36.01630386 35.78466195 30.42598146 17.27348418 24.84746874 25.67841699 22.08403505 17.53978743 17.22849632 17.11672026
