13 48
803709 877521 1078603 1825690 1957338 1858212 2858868 555139 575905 2342408 2870906 2417009 718908
900 37.73025246 33.32807198 35.70014806 36.08370766 35.83100749 30.33672364 16.32120647 24.79105887 25.65124116 22.0642483 17.04302948 16.72560922 16.52321979
1800 37.74902292 33.33929763 35.71344797 36.09623096 35.85378813 30.34798882 16.35458097 24.80066038 25.65196015 22.06752298 17.06007303 16.73736782 16.53479039
2700 37.76714452 33.35044469 35.72637732 36.10826616 35.8738145 30.35785916 16.38737425 24.80953558 25.65254432 22.06984685 17.07467077 16.74885042 16.54598337
3600 37.78449775 33.36154044 35.73903443 36.11989252 35.89216749 30.36718684 16.41297848 24.81794518 25.65303572 22.07145479 17.08648031 16.76059123 16.55685711
4500 37.79996388 33.37197689 35.74420489 36.12364324 35.90668594 30.37418911 16.44088155 24.82973792 25.65433445 22.0746567 17.10125844 16.77439266 16.5704082
5400 37.81435012 33.38233042 35.74883411 36.12604349 35.91884324 30.38165385 16.46971225 24.84097784 25.65560136 22.07816635 17.11580189 16.7882403 16.58387347
6300 37.82773865 33.39258795 35.75295021 36.12741678 35.92918685 30.38923135 16.49873879 24.85175242 25.6568654 22.08186314 17.13013128 16.80077688 16.59749358
7200 37.84015391 33.40269838 35.75652871 36.12792144 35.93783168 30.39682697 16.5267143 24.86205234 25.65814069 22.08570911 17.14433676 16.81446763 16.61129889
8100 37.85078692 33.41241329 35.75975876 36.12763904 35.94382867 30.40374622 16.55254234 24.86741461 25.65844341 22.08733263 17.15653007 16.82580884 16.62290819
9000 37.86013982 33.42189097 35.76246704 36.12695412 35.94824578 30.41019469 16.5771722 24.87217053 25.65875852 22.08829086 17.16843835 16.83631036 16.63441482
9900 37.86826281 33.43107157 35.7646755 36.12601964 35.95130347 30.41627537 16.60132003 24.87628863 25.65907534 22.08881571 17.18007302 16.84648797 16.64567092
10800 37.87519249 33.43991921 35.76641303 36.12494373 35.95319015 30.42197223 16.62562645 24.87980176 25.65939638 22.08902081 17.19132446 16.85629939 16.65680035
11700 37.88096478 33.44845637 35.76761881 36.12362429 35.95382348 30.42725736 16.6489998 24.88265745 25.65985148 22.08914593 17.20233719 16.86617269 16.66776469
12600 37.88561761 33.45659521 35.76835059 36.12225177 35.9535083 30.43207342 16.67167233 24.88497626 25.66029906 22.08909352 17.21304562 16.87605162 16.67873012
13500 37.88919454 33.46431519 35.76861375 36.12084663 35.95239118 30.43638768 16.69362115 24.88678527 25.6607484 22.08890411 17.22349004 16.88595826 16.68974573
14400 37.89174203 33.47160526 35.76840132 36.11941826 35.95058619 30.44019377 16.70987116 24.88811904 25.66119931 22.08860971 17.23369441 16.89583112 16.70080834
15300 37.8936225 33.47843993 35.76776442 36.11805126 35.94834222 30.44345942 16.72534631 24.88917715 25.66164479 22.08849093 17.24405394 16.90536614 16.71185253
16200 37.89617123 33.48480956 35.76664579 36.11666401 35.94563544 30.44633661 16.74554621 24.88984622 25.66210065 22.08836687 17.25400577 16.91485092 16.72274925
17100 37.89635322 33.49069434 35.76501198 36.11523598 35.94251165 30.4488103 16.76504206 24.89015329 25.66255908 22.08821814 17.26365781 16.92424005 16.73355903
18000 37.89547094 33.49607008 35.76285246 36.11374232 35.93902075 30.45087835 16.78415402 24.89012691 25.66301655 22.08804155 17.27310889 16.93350941 16.74436085
18900 37.89407585 33.50118694 35.76059331 36.11237526 35.93525424 30.45272011 16.8037701 24.88976882 25.66351773 22.0879193 17.2824418 16.94262426 16.75517131
19800 37.89193117 33.50579283 35.75784679 36.11090006 35.93121907 30.45415971 16.82237553 24.88912826 25.66402251 22.08780118 17.2916689 16.95160354 16.76601383
20700 37.88906637 33.50989936 35.75461072 36.10929611 35.92693847 30.45523864 16.8413748 24.8882371 25.66452712 22.08767945 17.30077873 16.96048436 16.77686401
21600 37.88551761 33.51350701 35.75089124 36.10754819 35.92244602 30.45598631 16.86059998 24.88711865 25.66502744 22.08754427 17.30977715 16.96930374 16.78770385
22500 37.88165875 33.51700601 35.7462064 36.10532497 35.91739113 30.45601246 16.88043012 24.8855028 25.66532525 22.08690385 17.31821433 16.97794402 16.79841625
23400 37.8772121 33.52001105 35.74101777 36.10290337 35.91209738 30.45570709 16.89923649 24.88366083 25.66560114 22.08611546 17.32661099 16.98651624 16.80910684
24300 37.87220492 33.52253873 35.73537774 36.10027524 35.90660429 30.45510162 16.9178874 24.88161595 25.66585082 22.08520958 17.33496502 16.99503818 16.81982827
25200 37.86666775 33.52460656 35.72931285 36.09742535 35.90093266 30.45422792 16.93420693 24.87939101 25.66607419 22.08419595 17.34326743 17.00351721 16.83055238
26100 37.85985929 33.52545219 35.722836 36.09437868 35.89519466 30.45326471 16.9507813 24.87718021 25.66644665 22.08330826 17.35174398 17.01220256 16.84145731
27000 37.85252058 33.52589207 35.71597422 36.09109317 35.88931333 30.4520901 16.96778582 24.87485009 25.66678792 22.08236541 17.36012864 17.02085127 16.85231623
27900 37.84470458 33.52594601 35.70873114 36.0875667 35.88329462 30.45072435 16.98405925 24.87241212 25.66710524 22.08135574 17.36841249 17.02945742 16.86316425
28800 37.83644226 33.52552642 35.70110301 36.08380356 35.87713965 30.44918575 16.99998074 24.86987793 25.6673982 22.08027736 17.37661067 17.0380208 16.87387231
29700 37.82804681 33.5249861 35.69302785 36.079691 35.8707778 30.44737516 17.01557769 24.86721484 25.66759852 22.07925691 17.38514615 17.04732724 16.88500492
30600 37.81929191 33.5241129 35.68467188 36.07534217 35.86428548 30.44543218 17.03091949 24.86447899 25.66778099 22.07825885 17.39366726 17.05658976 16.89582973
31500 37.81018454 33.52291354 35.67607848 36.0707689 35.8576673 30.44336311 17.04556489 24.86168048 25.66794042 22.07725885 17.40199651 17.06579024 16.90700556
32400 37.80073614 33.52138185 35.66727623 36.06597922 35.85092484 30.44117498 17.05987541 24.85882775 25.66807587 22.07624183 17.41030803 17.07495467 16.91777865
33300 37.79169992 33.51955879 35.6590768 36.06241999 35.8453349 30.44026481 17.07396451 24.85750941 25.66900122 22.07628514 17.41855495 17.08347716 16.92881258
34200 37.78243823 33.51747941 35.65074997 36.05888827 35.83985464 30.43952471 17.08940859 24.85632255 25.66988201 22.0764651 17.4267497 17.09203214 16.93961225
35100 37.77293502 33.51513166 35.64229298 36.05531572 35.8344025 30.43880945 17.10410051 24.85523437 25.67073441 22.07669912 17.43485245 17.10056391 16.95039777
36000 37.76320718 33.51252639 35.63373129 36.05168876 35.82894971 30.43805054 17.11919091 24.85422663 25.6715559 22.07696158 17.44275228 17.10909239 16.96133413
36900 37.75252379 33.50960903 35.6246752 36.04716437 35.8233739 30.43643885 17.13452866 24.8524904 25.67196061 22.0768052 17.45157336 17.11867606 16.97443108
37800 37.7415983 33.50641652 35.61550576 36.04252392 35.81766135 30.43453614 17.1506074 24.85072726 25.67234098 22.07653592 17.460416 17.12830221 16.9869207
38700 37.73049141 33.50295876 35.60626254 36.03779867 35.8118897 30.43247917 17.1646059 24.84897903 25.67269571 22.0761916 17.4692919 17.13788974 16.99920719
39600 37.71922681 33.49925284 35.59696733 36.03297802 35.80607653 30.4303267 17.18078708 24.84726303 25.67302651 22.07578396 17.47812722 17.14741035 17.01130821
40500 37.70948316 33.49697768 35.58896543 36.02848076 35.80042791 30.42909389 17.19815754 24.84693509 25.67406036 22.07738296 17.48800519 17.15844421 17.02357586
41400 37.69978749 33.4944874 35.58102698 36.02384008 35.79484439 30.42789078 17.21221544 24.8468401 25.67507923 22.07936139 17.49791055 17.16956734 17.03616816
42300 37.68998303 33.49182194 35.5731092 36.01903022 35.78926701 30.42667916 17.22933939 24.84693407 25.67609358 22.08155677 17.50780477 17.18090592 17.04890354
43200 37.68017588 33.48899471 35.56520546 36.01407092 35.78367107 30.42544336 17.24352234 24.84718521 25.67709764 22.08391268 17.51770207 17.19227101 17.06166423
