13 48
803709 877521 1078603 1825690 1957338 1858212 2858868 555139 575905 2342408 2870906 2417009 718908
900 37.73108217 33.32783983 35.69771551 36.09194941 35.83203461 30.34465468 16.31935345 24.7911862 25.6523692 22.06477555 17.03932601 16.72509451 16.52223946
1800 37.75110216 33.33856516 35.71080932 36.1055772 35.85466257 30.35668096 16.35271997 24.80091017 25.65311248 22.06805464 17.05627818 16.73680045 16.53419359
2700 37.76976711 33.34938035 35.72366341 36.11732147 35.87454903 30.36568435 16.38536326 24.80981569 25.65370527 22.07031796 17.07159202 16.74812945 16.54662017
3600 37.78730914 33.36033755 35.73628756 36.12827562 35.89279925 30.37332112 16.41244091 24.81821939 25.65419413 22.07184903 17.08595695 16.75980506 16.55925522
4500 37.80277996 33.37079017 35.74144413 36.13129909 35.90724501 30.37844461 16.43994221 24.82998913 25.65548681 22.07497618 17.10153184 16.77374449 16.57431305
5400 37.81706685 33.3812552 35.74613731 36.13301626 35.91933112 30.38410277 16.46868493 24.84119593 25.65674657 22.07841995 17.11673886 16.78797689 16.58929153
6300 37.83029037 33.39167364 35.75039654 36.13378219 35.92959217 30.39007499 16.49811984 24.85192979 25.65800437 22.08206164 17.1317379 16.80078171 16.60442646
7200 37.84249371 33.40196459 35.75416597 36.13376181 35.93815953 30.3963031 16.52704992 24.86218399 25.65927556 22.08586313 17.14497353 16.81467817 16.61971786
8100 37.85288142 33.41185649 35.75761239 36.13303355 35.94408971 30.40205828 16.55355684 24.8674964 25.65957479 22.08745246 17.15616156 16.82641093 16.63285361
9000 37.86197154 33.42149424 35.76054806 36.13197372 35.9484512 30.40753982 16.57909576 24.87219894 25.65988869 22.08838543 17.16811195 16.83757663 16.64586963
9900 37.86982626 33.43081208 35.76297174 36.13072617 35.9514646 30.41281891 16.60387285 24.87626148 25.66020662 22.08889199 17.17997679 16.84853468 16.65868983
10800 37.87649972 33.43976858 35.76489374 36.12939062 35.9533177 30.4178488 16.62808372 24.87971796 25.66053075 22.08908437 17.19152688 16.8593442 16.67137777
11700 37.88203837 33.44838539 35.76625743 36.1278576 35.95392711 30.42257674 16.65192211 24.88251683 25.66099081 22.08920128 17.20292623 16.87020506 16.68396635
12600 37.88691941 33.45657195 35.76712437 36.12631038 35.95359649 30.42692147 16.67602549 24.88477938 25.66144455 22.0891444 17.21410125 16.88083084 16.69638921
13500 37.89114029 33.46430909 35.76750194 36.12476377 35.95247092 30.430833 16.69835154 24.88653339 25.66190086 22.08895359 17.22506372 16.89133423 16.708874
14400 37.89368582 33.47158005 35.7673851 36.12322224 35.95065837 30.43429081 16.718529 24.88781381 25.66235923 22.08866032 17.23580212 16.90181376 16.72086792
15300 37.89527353 33.47838744 35.76682667 36.12176599 35.94840475 30.43725397 16.73052961 24.88882042 25.66281237 22.0885447 17.24670877 16.91202405 16.7329188
16200 37.89591936 33.48469854 35.76577181 36.12030985 35.94569137 30.43986532 16.75147842 24.88944035 25.66327598 22.0884255 17.25720508 16.92226253 16.74514325
17100 37.89566953 33.49050684 35.76418986 36.11882988 35.94256431 30.44210297 16.77196853 24.88970065 25.66374207 22.08828342 17.26737749 16.9324742 16.75767534
18000 37.89457085 33.49580561 35.7620725 36.11729812 35.93907299 30.44395785 16.79175693 24.88962994 25.66420704 22.08811506 17.27734542 16.94265869 16.76995767
18900 37.89297454 33.50090252 35.75984689 36.11590371 35.93530828 30.4456058 16.81191731 24.88923005 25.66471558 22.08800239 17.28724023 16.95277282 16.7817969
19800 37.89064162 33.50540502 35.75712686 36.11441074 35.93128498 30.44686719 16.83160292 24.88855007 25.66522748 22.08789491 17.29703744 16.96279001 16.79372796
20700 37.88760237 33.5094064 35.75389964 36.11279635 35.92702262 30.4477811 16.85099373 24.8876218 25.66573897 22.08778479 17.30673648 16.97272249 16.80571834
21600 37.88389488 33.51290562 35.75017303 36.11104388 35.92255127 30.44837483 16.87055127 24.88646842 25.6662459 22.0876622 17.31629361 16.98259399 16.81795092
22500 37.87989165 33.51628692 35.74547131 36.1088208 35.91751666 30.44824896 16.89135034 24.88481973 25.66654969 22.08703544 17.32536395 16.99227417 16.82979005
23400 37.87530019 33.51916435 35.74025412 36.10640206 35.91224262 30.44779689 16.90996928 24.88294677 25.66683127 22.08626171 17.33433355 17.00187052 16.84181298
24300 37.87014877 33.52155504 35.73457249 36.10377871 35.90676892 30.44705082 16.92898796 24.88087271 25.66708639 22.08537147 17.34333776 17.01140262 16.85361741
25200 37.86447387 33.52350964 35.72845141 36.10093442 35.9011161 30.44604344 16.94627423 24.87862 25.66731503 22.08437438 17.35221547 17.0208737 16.86566715
26100 37.85753687 33.52424454 35.72189854 36.09789382 35.89539671 30.44495582 16.96460584 24.8763828 25.66769296 22.08350413 17.36136761 17.03053611 16.87763934
27000 37.85007941 33.52460945 35.71494229 36.09461571 35.88953352 30.44366554 16.98232821 24.87402753 25.66803962 22.08257954 17.37036179 17.04015989 16.88969639
27900 37.84215404 33.52455015 35.70759191 36.09109879 35.88353103 30.44219149 16.99861551 24.8715656 25.66836222 22.08158888 17.37936131 17.04972026 16.90152888
28800 37.83379304 33.52409314 35.69982963 36.0873454 35.87739234 30.44055093 17.01577061 24.86900857 25.66866034 22.08053023 17.38817906 17.05923921 16.91354728
29700 37.82531502 33.52352206 35.69159135 36.08324161 35.87105111 30.43864194 17.0325971 24.86632363 25.66886558 22.07953007 17.39746386 17.06951512 16.92555513
30600 37.81648694 33.52257373 35.68304186 36.07889971 35.86457686 30.43660383 17.04731838 24.86356684 25.66905288 22.07855271 17.40657827 17.07973939 16.93774892
31500 37.80731765 33.52124459 35.67421901 36.07433045 35.85797418 30.43444301 17.06440347 24.86074814 25.66921709 22.07757382 17.41559678 17.08996489 16.94982385
32400 37.79782183 33.5195486 35.6651428 36.06954105 35.85124595 30.43216652 17.07846587 24.85787557 25.66935728 22.0765783 17.42457402 17.10016576 16.96184062
33300 37.78875679 33.51755481 35.65663672 36.06597813 35.84565986 30.43120029 17.09692634 24.8565385 25.67028908 22.07664338 17.43353489 17.10977299 16.97377776
34200 37.77948677 33.51532089 35.64802549 36.06244291 35.84018049 30.43042111 17.11217445 24.85533421 25.67117655 22.07684555 17.44237798 17.11936738 16.98576696
35100 37.76998698 33.51286078 35.63941091 36.05886642 35.83472721 30.4296728 17.12848554 24.85422979 25.67203563 22.07710209 17.45109789 17.12888551 16.99765652
36000 37.76026501 33.51019482 35.63073531 36.05523527 35.82927237 30.42888222 17.14188247 24.85320677 25.67286376 22.07738731 17.45977295 17.13828464 17.00949675
36900 37.74958173 33.50726707 35.62158572 36.05070713 35.82369391 30.42721934 17.15966008 24.85145612 25.67327423 22.07725387 17.46928193 17.14864801 17.02341286
37800 37.73865094 33.5040713 35.6123371 36.0460608 35.81797809 30.42525429 17.17498198 24.8496791 25.67366019 22.07700757 17.47888494 17.15907168 17.03669535
38700 37.72757686 33.50060108 35.60302803 36.04132734 35.81220255 30.42313147 17.19230728 24.84791747 25.67402044 22.07668627 17.48846818 17.16972752 17.05033272
39600 37.71633394 33.49688677 35.59367871 36.03649695 35.80638522 30.42091278 17.20780728 24.84618858 25.67435666 22.07630166 17.49805839 17.18067522 17.06361808
40500 37.70658063 33.49460541 35.5856337 36.03198724 35.80073241 30.41963191 17.22516745 24.84584831 25.67539737 22.07792323 17.50867151 17.19249089 17.07720645
41400 37.69685772 33.4921085 35.5776615 36.02733217 35.79514408 30.41838848 17.24171169 24.84574213 25.67642332 22.07992401 17.51928087 17.20494058 17.0908628
42300 37.68702067 33.48943546 35.56971972 36.0225074 35.78956135 30.41714025 17.25776646 24.84582571 25.67744481 22.08214159 17.52994273 17.21689073 17.10448304
43200 37.67720846 33.48659864 35.5617982 36.01753267 35.78395936 30.41586906 17.27400483 24.8460671 25.67845603 22.08451959 17.54057951 17.22935235 17.11808585
