13 48
803709 877521 1078603 1825690 1957338 1858212 2858868 555139 575905 2342408 2870906 2417009 718908
900 37.73022444 33.32807267 35.69967631 36.0860401 35.83101046 30.3367187 16.31950799 24.79103702 25.6523692 22.06474351 17.03932601 16.72509451 16.52223573
1800 37.74903272 33.33926111 35.7127261 36.09863798 35.85377575 30.34795123 16.352744 24.8006213 25.65311248 22.06800084 17.05627873 16.7368003 16.53418096
2700 37.76715549 33.35034688 35.7255284 36.11067186 35.87380697 30.35775406 16.38531781 24.80948414 25.65370518 22.07024514 17.07159278 16.74812877 16.54660524
3600 37.78448465 33.36141756 35.73807421 36.12226563 35.89217567 30.36698287 16.41169146 24.81789329 25.65419375 22.07175301 17.08595592 16.75980367 16.55923883
4500 37.79991747 33.37185361 35.74316486 36.12597831 35.90671536 30.37386653 16.43942295 24.82969492 25.65548584 22.0748526 17.10152495 16.77374215 16.57429292
5400 37.81426718 33.38221914 35.74779408 36.1283363 35.9188918 30.38120565 16.46838084 24.84095019 25.65674445 22.07826588 17.11672142 16.78797257 16.58925838
6300 37.82762009 33.39249409 35.75194989 36.12966841 35.92925273 30.38866102 16.49775699 24.85174374 25.65800024 22.08187557 17.13170916 16.80077386 16.60438411
7200 37.84000196 33.40262379 35.75558082 36.13013591 35.93791467 30.39614484 16.52621699 24.8620642 25.65926817 22.08564451 17.14493721 16.81466648 16.61966962
8100 37.85060637 33.41235644 35.75886636 36.12982174 35.94392861 30.40296623 16.55252696 24.8674474 25.65956274 22.08720154 17.15610934 16.82639518 16.63279497
9000 37.85993646 33.42184957 35.76163619 36.12911071 35.94836292 30.40933186 16.57787438 24.87222417 25.65987053 22.088103 17.16804181 16.83755569 16.64579649
9900 37.86804375 33.43104433 35.76390784 36.12815571 35.95143827 30.41534411 16.60247208 24.87636309 25.66018105 22.08857911 17.17988504 16.84850681 16.65860076
10800 37.87496412 33.43990383 35.76568914 36.12706476 35.95334337 30.42098554 16.62652489 24.87989689 25.66049673 22.08874228 17.19141108 16.85930771 16.67126479
11700 37.88073369 33.44844911 35.7669277 36.12573568 35.95399615 30.42622735 16.65015661 24.882773 25.66094756 22.08883134 17.20278193 16.87015706 16.68383312
12600 37.88539004 33.45659362 35.76768776 36.12435843 35.95370148 30.43101163 16.67426024 24.88511195 25.66139158 22.08874795 17.21392294 16.88077051 16.69624988
13500 37.88897564 33.46431703 35.76797777 36.12295318 35.95260582 30.43530474 16.69729886 24.88694094 25.66183793 22.088532 17.22485456 16.89126166 16.7087007
14400 37.89153617 33.47161236 35.76779205 36.121529 35.95082375 30.43909874 16.7183578 24.8882944 25.66228633 22.08821502 17.23557473 16.9017256 16.72061756
15300 37.89339215 33.47845452 35.76718218 36.1201701 35.94860254 30.44235956 16.73068864 24.88937188 25.66272969 22.08807704 17.24646864 16.91191449 16.73267599
16200 37.89595728 33.48483134 35.76609107 36.11879465 35.94591873 30.4452376 16.75157028 24.89006021 25.66318382 22.08793686 17.25697172 16.92213809 16.74492548
17100 37.89620159 33.49072607 35.76448522 36.11738183 35.94281815 30.44771705 16.77200626 24.89038636 25.66364085 22.0877751 17.26714564 16.93234113 16.75748998
18000 37.89534508 33.49611331 35.76235393 36.11590648 35.93935098 30.44979374 16.79221724 24.89037894 25.66409727 22.08758832 17.27712595 16.94252308 16.76974962
18900 37.8939771 33.50124982 35.76012325 36.11456029 35.93560861 30.4516468 16.81206646 24.89003969 25.66459777 22.08745841 17.2870213 16.95263382 16.78162984
19800 37.89186111 33.50586425 35.75740505 36.11310854 35.93159798 30.4530997 16.83232231 24.88941777 25.66510222 22.08733482 17.29682668 16.96265049 16.79356637
20700 37.88902584 33.50998176 35.75419791 36.11153022 35.92734369 30.4541934 16.8518998 24.8885451 25.66560682 22.08720967 17.30653008 16.97258819 16.80558454
21600 37.88550726 33.51359969 35.75050571 36.10980961 35.92287963 30.45495691 16.87116039 24.88744495 25.66610744 22.08707304 17.31612284 16.98245679 16.81772549
22500 37.88167884 33.51711327 35.74584792 36.10761544 35.91785162 30.45499965 16.89251834 24.88584719 25.6664055 22.08643314 17.32516345 16.99213551 16.82970463
23400 37.87726265 33.52014043 35.74068578 36.10522399 35.91258513 30.45471152 16.91162422 24.88402305 25.66668191 22.0856471 17.33417119 17.00173728 16.84164765
24300 37.87228561 33.52268764 35.73507151 36.10262693 35.90711933 30.45412388 16.93025153 24.8819958 25.6669324 22.08474534 17.34314953 17.01127563 16.85356227
25200 37.86677809 33.52475139 35.72903226 36.09980872 35.90147452 30.45326847 16.94764655 24.87978812 25.66715689 22.08373746 17.3520891 17.02075363 16.8655609
26100 37.85999891 33.52567656 35.72257889 36.09679418 35.89576218 30.45232346 16.96574984 24.87759421 25.66753112 22.0828571 17.36120864 17.03043096 16.87764075
27000 37.85268888 33.52622992 35.71573917 36.09354102 35.88990651 30.45116752 16.98327072 24.87528056 25.66787451 22.08192306 17.370256 17.04006067 16.88970386
27900 37.84490071 33.52623136 35.70851869 36.09004662 35.88391274 30.44982089 17.0004146 24.87285862 25.66819423 22.08092356 17.37922883 17.04965229 16.90155868
28800 37.83666538 33.52578889 35.70091329 36.08631549 35.87778152 30.44830174 17.01692268 24.87034002 25.66848985 22.07985665 17.38811656 17.05916603 16.91351409
29700 37.82829591 33.52522976 35.69285846 36.08223475 35.8714441 30.44651089 17.0331864 24.86769205 25.66869291 22.07884876 17.39733041 17.06945895 16.92564886
30600 37.81956667 33.5243305 35.68452206 36.07791735 35.86497644 30.44458787 17.04914486 24.86497082 25.66887834 22.07786424 17.40651013 17.07970417 16.93765823
31500 37.81048497 33.52311382 35.6759484 36.07337514 35.85838188 30.44253875 17.06487533 24.86218648 25.66904095 22.07687873 17.41551161 17.08991515 16.94987682
32400 37.80106248 33.5215868 35.66716113 36.06861577 35.85166249 30.44037065 17.07860109 24.85934742 25.66917979 22.07587715 17.42446076 17.10013289 16.96188938
33300 37.79205089 33.51979117 35.65898279 36.06508486 35.84609471 30.43948081 17.09676776 24.85804256 25.67011032 22.07593674 17.43342698 17.10974878 16.97383912
34200 37.78281386 33.51776653 35.65068371 36.06158067 35.84063614 30.43876141 17.11176499 24.85686851 25.67099677 22.07613401 17.44227113 17.11935548 16.9857731
35100 37.77333401 33.51549173 35.64225578 36.05803485 35.83520528 30.43806717 17.12683823 24.85579262 25.67185504 22.07638618 17.45096843 17.12887599 16.99769939
36000 37.76362796 33.51295703 35.63372259 36.05443375 35.82977318 30.43732942 17.14274739 24.85479662 25.67268255 22.07666753 17.45961875 17.13827805 17.00949421
36900 37.75296532 33.5100983 35.62469365 36.04993499 35.82421785 30.43573835 17.15723632 24.85307161 25.67309265 22.07653073 17.46912882 17.14864144 17.02341215
37800 37.74205952 33.50695124 35.6155498 36.04531892 35.81852522 30.43385593 17.17539933 24.85131929 25.67347835 22.07628153 17.47868302 17.15905997 17.03679996
38700 37.73097176 33.50352669 35.60633048 36.04061713 35.81277302 30.43181901 17.18948645 24.84958153 25.67383843 22.07595776 17.48826079 17.16971139 17.04992792
39600 37.71972487 33.49984756 35.59705731 36.03581899 35.80697879 30.42968665 17.2078868 24.84787567 25.6741746 22.07557111 17.49780561 17.1806284 17.06300011
40500 37.70999881 33.49759532 35.58907586 36.03134284 35.80134839 30.42847426 17.22218336 24.8475576 25.6752152 22.07719116 17.50836405 17.19238147 17.0762838
41400 37.70032127 33.49512498 35.58115602 36.02672247 35.79578245 30.42729186 17.24075597 24.84747207 25.67624114 22.07919103 17.51895534 17.20474634 17.08979405
42300 37.690531 33.49247773 35.57325513 36.02193207 35.79022208 30.42610112 17.25617313 24.84757501 25.6772627 22.08140816 17.52951711 17.21662951 17.10349669
43200 37.6807458 33.48966817 35.56536683 36.01699136 35.78464293 30.42488641 17.2742868 24.84783479 25.67827406 22.08378612 17.54013652 17.22901039 17.11729074
