13 48
803709 877521 1078603 1825690 1957338 1858212 2858868 555139 575905 2342408 2870906 2417009 718908
900 37.72894015 33.32764575 35.70292039 36.08612595 35.8310799 30.33706461 16.32012085 24.79102728 25.6523692 22.06471578 17.03932735 16.72509452 16.52221787
1800 37.74721308 33.3387567 35.71661795 36.09876699 35.85388811 30.34840077 16.35378769 24.80059324 25.65311248 22.06797572 17.0562825 16.73679953 16.53416696
2700 37.76520298 33.34977697 35.72973263 36.11082571 35.87394927 30.35827294 16.38650338 24.80944638 25.65370519 22.07022461 17.07160214 16.74812742 16.54661055
3600 37.78255371 33.36077014 35.74254717 36.12243537 35.89234232 30.36754517 16.41621266 24.81785011 25.65419377 22.07173663 17.08597497 16.75980397 16.55925289
4500 37.79807058 33.37111543 35.74789138 36.12615872 35.90690354 30.37445478 16.44330675 24.82964835 25.65548588 22.07483995 17.10156108 16.77374621 16.57432795
5400 37.81252868 33.38138287 35.75272247 36.12852448 35.91909958 30.381808 16.47038938 24.84090126 25.65674453 22.07825664 17.11680142 16.78798519 16.58937713
6300 37.82599627 33.3915613 35.75705366 36.12986284 35.92947827 30.38926952 16.49827588 24.85169296 25.65800035 22.0818695 17.13183191 16.80080537 16.60455835
7200 37.83848791 33.40160372 35.7608394 36.1303358 35.93815637 30.39675471 16.5272993 24.86201178 25.65926831 22.08564143 17.14506752 16.81471899 16.61986266
8100 37.84920101 33.41126109 35.76426182 36.13002668 35.9441848 30.40357458 16.55350677 24.86739354 25.65956291 22.08720129 17.15625791 16.82646559 16.63298742
9000 37.85864176 33.42069314 35.76714849 36.12932058 35.94863167 30.40993725 16.57870524 24.87216907 25.65987072 22.08810536 17.16819354 16.83764007 16.64598874
9900 37.86685839 33.4298403 35.76951098 36.12837059 35.95171778 30.41594603 16.60321669 24.87630684 25.66018127 22.08858388 17.18003646 16.8486033 16.65879061
10800 37.87388652 33.43866526 35.77136985 36.12728471 35.95363194 30.42158402 16.62720996 24.87983941 25.66049696 22.08874923 17.19155992 16.85941404 16.67145284
11700 37.87976067 33.44718667 35.77267572 36.12596071 35.95429227 30.42682274 16.65081175 24.88271405 25.66094779 22.08884024 17.20292778 16.87027315 16.68401825
12600 37.88451818 33.45531717 35.7734937 36.12458851 35.95400383 30.43160446 16.67481602 24.88505119 25.66139182 22.0887586 17.2140669 16.88089499 16.6964234
13500 37.88820121 33.46303506 35.7738268 36.12318821 35.95291328 30.43589559 16.69780144 24.88687795 25.66183818 22.08854421 17.22499394 16.89139054 16.70875998
14400 37.89085535 33.47033043 35.77365582 36.12176884 35.95113532 30.43968815 16.718598 24.88822872 25.66228659 22.08822859 17.23570841 16.90185345 16.72122541
15300 37.89289033 33.47718425 35.7730635 36.12041458 35.94891743 30.44294804 16.73118597 24.88930303 25.66272994 22.0880918 17.24660259 16.91206521 16.73321896
16200 37.89547108 33.48357389 35.77199798 36.11904354 35.94623627 30.44582556 16.75221096 24.88998775 25.66318407 22.08795265 17.25711703 16.92231909 16.74511153
17100 37.89570468 33.48948816 35.77042368 36.11763489 35.94313772 30.44830464 16.77259839 24.89030988 25.6636411 22.08779179 17.26729948 16.93252343 16.75723977
18000 37.89491685 33.49490096 35.76832842 36.11616345 35.93967195 30.45038141 16.79280935 24.89029808 25.66409751 22.08760577 17.27726994 16.94267183 16.76966556
18900 37.89361544 33.50008756 35.76613602 36.11482092 35.93593038 30.45223479 16.81259102 24.88995417 25.66459801 22.0874765 17.28714934 16.95276037 16.78177261
19800 37.89156293 33.50472034 35.76345787 36.11337256 35.93191987 30.45368824 16.83276517 24.8893274 25.66510243 22.08735345 17.29695003 16.96277898 16.79373533
20700 37.88878813 33.50886874 35.76027946 36.11179739 35.92766529 30.45478272 16.85242074 24.88844974 25.66560701 22.08722873 17.30665427 16.97272012 16.80576829
21600 37.88532739 33.51252054 35.75660714 36.11007969 35.92320045 30.4555472 16.87110735 24.88734453 25.6661076 22.08709245 17.31624801 16.98259166 16.81791656
22500 37.88155484 33.51606755 35.75196396 36.10788816 35.91817125 30.45559106 16.88955234 24.88574171 25.66640561 22.08645278 17.32528547 16.99227428 16.82989495
23400 37.87719234 33.51912799 35.74680945 36.10549909 35.91290342 30.45530409 16.90809476 24.88391256 25.66668197 22.08566688 17.33424815 17.0018776 16.84179152
24300 37.87226703 33.52171211 35.7411958 36.10290418 35.90743642 30.45471753 16.92871536 24.88188043 25.6669324 22.08476515 17.34313561 17.01140649 16.85363508
25200 37.86680966 33.52382695 35.73514883 36.1000879 35.90179104 30.4538631 16.94662139 24.87966799 25.66715681 22.08375723 17.35200444 17.02086519 16.86546003
26100 37.86007853 33.52470786 35.72867864 36.0970751 35.8960793 30.4529187 16.96534263 24.8774695 25.66753095 22.08287675 17.3611049 17.03050417 16.87747432
27000 37.85281462 33.52517275 35.72181729 36.09382357 35.89022574 30.45176297 16.98324819 24.87515145 25.66787424 22.0819425 17.37013827 17.04010561 16.88966932
27900 37.8450715 33.52521074 35.71457952 36.09033059 35.88423608 30.4504167 17.00059557 24.87272533 25.66819384 22.08094271 17.3791648 17.04966907 16.90148534
28800 37.8368791 33.5250326 35.70697367 36.08660067 35.87811107 30.44889777 17.01725127 24.87020277 25.66848933 22.0798754 17.38801475 17.05918129 16.91359002
29700 37.82854668 33.52466755 35.69892278 36.08252094 35.87178206 30.44710702 17.0338475 24.86755108 25.66869225 22.07886705 17.39731574 17.06947276 16.92558598
30600 37.81985192 33.52378617 35.69059989 36.07820437 35.86532488 30.44518397 17.04975457 24.86482638 25.66887754 22.07788202 17.40647573 17.07970572 16.9377635
31500 37.81080209 33.52253186 35.68204191 36.07366278 35.85874265 30.44313471 17.06539181 24.86203881 25.66903999 22.07689592 17.41550598 17.08994371 16.94988063
32400 37.80140709 33.5209495 35.67327198 36.06890388 35.85203722 30.44096644 17.07969387 24.85919677 25.66917866 22.07589366 17.4245042 17.10016077 16.9619431
33300 37.79242138 33.51910559 35.66511336 36.06537345 35.84648475 30.44007679 17.09671338 24.85788909 25.67010901 22.0759525 17.43347012 17.10978232 16.97390103
34200 37.7832108 33.51704361 35.65683413 36.06186967 35.84104255 30.4393581 17.11220273 24.85671252 25.67099528 22.07614898 17.44231925 17.11939288 16.98584217
35100 37.77376007 33.51474727 35.64843027 36.05832423 35.83562879 30.43866507 17.12683571 24.8556343 25.67185336 22.07640031 17.45102262 17.12891479 16.99771653
36000 37.76408548 33.51221617 35.63992282 36.05472346 35.83021417 30.43792904 17.14297397 24.85463618 25.67268068 22.07668077 17.45967295 17.13831456 17.009553
36900 37.75345363 33.50938458 35.6309186 36.05022484 35.82467627 30.43634001 17.15785148 24.85290928 25.67309059 22.07654304 17.46919585 17.14867789 17.02343617
37800 37.74257767 33.50627971 35.62179271 36.04560879 35.81900085 30.43445961 17.17572891 24.85115529 25.6734761 22.07629286 17.47874969 17.15910108 17.0368421
38700 37.73151719 33.50290383 35.61258919 36.04090692 35.81326536 30.4324255 17.18986075 24.84941608 25.673836 22.07596808 17.48834488 17.16976516 17.050443
39600 37.72029663 33.49927378 35.60333614 36.03610858 35.80748711 30.43029679 17.20837653 24.84770899 25.67417198 22.07558039 17.4978995 17.18072402 17.06378951
40500 37.71059747 33.49706718 35.59537793 36.03163211 35.80187202 30.42908866 17.22237861 24.84738988 25.6752124 22.07719943 17.50850412 17.19253643 17.07731048
41400 37.70095083 33.494637 35.58747635 36.02701131 35.79632003 30.42791088 17.24222314 24.8473035 25.67623816 22.07919832 17.51912841 17.2049928 17.09087747
42300 37.69121042 33.49202429 35.57959072 36.02222037 35.79077219 30.4267251 17.25596348 24.84740584 25.67725955 22.08141448 17.52976517 17.21692835 17.1045154
43200 37.68141126 33.4892431 35.57171608 36.01727902 35.78520424 30.42551552 17.27417298 24.84766515 25.67827074 22.08379148 17.54040174 17.22938294 17.11810368
