13 48
803709 877521 1078603 1825690 1957338 1858212 2858868 555139 575905 2342408 2870906 2417009 718908
900 37.72994827 33.32767961 35.698959 36.082594 35.82962031 30.33655404 16.3196027 24.79104605 25.6523692 22.06473527 17.03932601 16.72509451 16.52223248
1800 37.74871378 33.3390798 35.71158605 36.09446975 35.85247344 30.34751701 16.35292197 24.80066216 25.65311248 22.0679848 17.05627883 16.73680017 16.53417014
2700 37.76685428 33.35037648 35.72396979 36.10668305 35.87268529 30.35715179 16.38559475 24.80955304 25.65370517 22.07022394 17.07159323 16.7481281 16.54659072
3600 37.78422232 33.36161613 35.73637451 36.11868626 35.89124683 30.36621631 16.41161386 24.81798524 25.65419371 22.07172723 17.08595717 16.75980237 16.55922288
4500 37.79970009 33.37217018 35.74140539 36.1228352 35.90600844 30.37294893 16.43883803 24.82980508 25.65548574 22.07482204 17.10152631 16.77374037 16.57427844
5400 37.81409387 33.38261811 35.74598724 36.1256109 35.91839463 30.38016373 16.46839968 24.84107391 25.65674427 22.07823017 17.11671897 16.78797029 16.58923536
6300 37.82748819 33.39294318 35.75015025 36.12732509 35.928933 30.38752387 16.4979057 24.85187718 25.65799993 22.08183446 17.13170041 16.80076978 16.60435248
7200 37.83990709 33.40310429 35.75385008 36.12813193 35.93774953 30.39493807 16.52637106 24.86220464 25.65926774 22.08559787 17.14492691 16.81466 16.61963614
8100 37.85054448 33.41286015 35.75725368 36.12811466 35.94390391 30.40171055 16.55273767 24.86759324 25.65956217 22.08714941 17.15609673 16.82638673 16.63276185
9000 37.85990511 33.42236984 35.76016981 36.12766196 35.94846662 30.40804341 16.57810671 24.87237457 25.65986983 22.08804554 17.16802955 16.83754582 16.64576602
9900 37.86804037 33.43157439 35.76260592 36.1269317 35.95165925 30.41403514 16.60272071 24.87651772 25.66018022 22.08851652 17.17987451 16.84849609 16.65857247
10800 37.87498617 33.44044244 35.76456159 36.12603657 35.95367158 30.4196651 16.62677495 24.88005569 25.66049577 22.08867482 17.19140251 16.85929665 16.67123894
11700 37.88077887 33.44899483 35.76597424 36.1248785 35.95442281 30.42490184 16.65042361 24.8829361 25.66094646 22.08875929 17.20277554 16.87014602 16.68380662
12600 37.88545644 33.45714667 35.76690338 36.12365178 35.95421874 30.42968524 16.67454166 24.88527955 25.66139035 22.08867163 17.21391896 16.88075925 16.69622094
13500 37.88906138 33.46488122 35.76735473 36.12237972 35.95320649 30.43398001 16.69758039 24.88711331 25.66183654 22.08845173 17.22485184 16.89125041 16.70854284
14400 37.89163912 33.47217365 35.76732117 36.12107391 35.95149582 30.43777755 16.7183605 24.88847175 25.66228478 22.08813113 17.23557223 16.90171205 16.72087492
15300 37.89364242 33.47901974 35.76685345 36.11982076 35.94933363 30.44104339 16.73098428 24.88955447 25.66272793 22.08798987 17.24647124 16.91192016 16.73282608
16200 37.89620283 33.48541073 35.76589434 36.11854007 35.94670281 30.44392763 16.75193065 24.89024823 25.66318184 22.08784674 17.25698241 16.92215934 16.74483688
17100 37.896363 33.49130922 35.7644106 36.11721267 35.94365149 30.44641418 16.77231806 24.89058002 25.66363862 22.08768233 17.26716088 16.93235841 16.75724112
18000 37.89551946 33.49670594 35.76239195 36.11581491 35.94022994 30.44849807 16.79249983 24.89057843 25.66409476 22.08749317 17.27713399 16.94251998 16.76972901
18900 37.89416366 33.50191924 35.76026534 36.11453988 35.93652987 30.45035722 16.81236112 24.89024513 25.66459495 22.08736112 17.28702239 16.95262434 16.78164971
19800 37.89205868 33.50661384 35.75764338 36.1131532 35.93256862 30.45181486 16.83253214 24.8896293 25.66509906 22.08723563 17.29682756 16.96264448 16.79353904
20700 37.88923328 33.51075936 35.75452198 36.11163423 35.92836581 30.45291198 16.8522522 24.88876282 25.66560328 22.0871088 17.30653185 16.97258342 16.805693
21600 37.8857235 33.51437012 35.75090991 36.10996823 35.9239508 30.45367811 16.87146662 24.88766892 25.6661035 22.0869707 17.3161274 16.9824607 16.81781217
22500 37.88190309 33.51789826 35.74632623 36.1078243 35.918971 30.45372293 16.89286399 24.88607748 25.66640114 22.08632949 17.32517401 16.99214857 16.8297534
23400 37.87749387 33.52094599 35.74123235 36.10548014 35.91375106 30.45343677 16.91203478 24.88425969 25.6666771 22.0855423 17.33418873 17.0017553 16.84175418
24300 37.87252285 33.52352201 35.73567973 36.10292812 35.90832968 30.45285103 16.93085265 24.8822388 25.66692712 22.08463953 17.34317088 17.01130049 16.85370997
25200 37.86702065 33.52560667 35.7296962 36.10015249 35.90272895 30.4519971 16.94788467 24.8800375 25.66715113 22.08363078 17.35211099 17.02079321 16.86563178
26100 37.86024624 33.52660598 35.72329279 36.09717847 35.897059 30.45105353 16.96609662 24.87784995 25.66752486 22.08274967 17.36124553 17.03047245 16.87766813
27000 37.85293977 33.52720325 35.71649452 36.09396505 35.89124175 30.44989992 16.98366893 24.87554261 25.66786774 22.08181498 17.37028146 17.04010753 16.88976844
27900 37.84515498 33.52720948 35.7092984 36.09051113 35.88528055 30.44855623 17.00080267 24.87312692 25.66818694 22.08081493 17.37929316 17.04969112 16.90156393
28800 37.83692258 33.52678099 35.70172191 36.08681785 35.87918064 30.44704035 17.01739835 24.87061449 25.66848203 22.07974754 17.38813129 17.05921221 16.91361706
29700 37.8285561 33.52622549 35.69370947 36.08277086 35.87287425 30.44525287 17.033879 24.86797259 25.66868458 22.07873925 17.39740378 17.06950289 16.92556145
30600 37.81982938 33.52531695 35.68541895 36.07848486 35.8664262 30.44333299 17.0496308 24.86525734 25.66886949 22.0777544 17.40651404 17.07973194 16.93783631
31500 37.81074996 33.52407779 35.67688887 36.07397091 35.85985009 30.44128705 17.06534938 24.86247889 25.66903159 22.07676863 17.41555901 17.0899725 16.94987559
32400 37.80132895 33.52252362 35.66813667 36.06923804 35.85315056 30.43912231 17.07910276 24.85964561 25.66916993 22.07576683 17.4245245 17.1001831 16.96190766
33300 37.79231848 33.52071273 35.65998269 36.06573234 35.84760257 30.43823563 17.09737003 24.85834654 25.67009997 22.07582623 17.43348871 17.10979379 16.97372054
34200 37.7830833 33.51867981 35.65171024 36.06224889 35.84216235 30.43751851 17.11250228 24.857178 25.67098593 22.07602336 17.44230563 17.11937037 16.98563686
35100 37.7736051 33.51640482 35.64330926 36.05872084 35.8367485 30.43682628 17.12727672 24.85610742 25.67184374 22.07627543 17.45094994 17.12887904 16.99756523
36000 37.76390096 33.51388648 35.63479902 36.0551355 35.83133306 30.43609056 17.14331504 24.85511656 25.67267081 22.0765567 17.4596424 17.13827347 17.00929011
36900 37.75324029 33.51105834 35.62579173 36.05065076 35.82579375 30.4345015 17.15750804 24.85339652 25.6730805 22.07641985 17.46914893 17.148625 17.02366667
37800 37.74233668 33.50794881 35.61666387 36.04604834 35.82011727 30.43262062 17.1759099 24.85164903 25.67346581 22.0761706 17.47869693 17.15906545 17.03720529
38700 37.73125043 33.50456458 35.60745806 36.04135983 35.81438102 30.43058498 17.1900351 24.84991597 25.67382553 22.0758468 17.48830532 17.16976165 17.05065982
39600 37.7200049 33.50092537 35.5981956 36.0365753 35.80860253 30.42845394 17.20781306 24.84821464 25.67416136 22.07546013 17.49788188 17.18073893 17.06399584
40500 37.71028064 33.49870509 35.590222 36.0321125 35.80298694 30.42724289 17.22355763 24.84790092 25.67520164 22.07708018 17.50848173 17.19257012 17.07728879
41400 37.70060793 33.49625924 35.5823055 36.02750417 35.7974346 30.42606112 17.24195394 24.84781952 25.67622729 22.07908007 17.51913055 17.20501954 17.09083427
42300 37.69077856 33.49362923 35.57440695 36.02272502 35.79188749 30.4248702 17.25698017 24.84792628 25.67724859 22.08129723 17.52977684 17.21694616 17.10450758
43200 37.68103231 33.49083043 35.56651877 36.01779477 35.78632183 30.42365413 17.27536918 24.84818951 25.67825972 22.08367524 17.54044164 17.2294016 17.1180965
