13 48
803709 877521 1078603 1825690 1957338 1858212 2858868 555139 575905 2342408 2870906 2417009 718908
900 37.72928619 33.33046059 35.69957499 36.08850669 35.83508531 30.33298581 16.32566511 24.78732512 25.65062901 22.06708632 17.03916575 16.72383644 16.52293942
1800 37.74780204 33.34241011 35.71266871 36.10177457 35.85962275 30.34394275 16.34942667 24.79696183 25.65190042 22.07048164 17.05741614 16.73504247 16.53481959
2700 37.7661576 33.35389723 35.72565023 36.1147215 35.88033912 30.35382245 16.37688308 24.80581498 25.65268602 22.07260067 17.07360149 16.74553797 16.54705271
3600 37.78390561 33.36522468 35.73855972 36.12707051 35.898952 30.36331597 16.40696901 24.81418169 25.65325958 22.07392786 17.08865366 16.7565132 16.55906548
4500 37.79980537 33.37582951 35.74393725 36.13135145 35.91351916 30.3705687 16.43761968 24.82590359 25.65459581 22.07685847 17.10470151 16.77009148 16.57375868
5400 37.81459774 33.38631604 35.74874504 36.13413864 35.9256078 30.37834471 16.46772423 24.8370348 25.65588021 22.08013567 17.12030612 16.78426181 16.58864316
6300 37.82833 33.39669165 35.75303039 36.13579225 35.93579524 30.38627645 16.49748931 24.84767191 25.65715304 22.08364428 17.13239223 16.7984032 16.60360704
7200 37.84100526 33.40692024 35.75675997 36.13650033 35.94423785 30.39425008 16.52676259 24.85782124 25.65843317 22.08734238 17.14643351 16.81252402 16.61907566
8100 37.85180163 33.41675673 35.7601179 36.13636672 35.95001212 30.40155532 16.55413685 24.86301308 25.65873545 22.08884957 17.15871951 16.82399658 16.63215868
9000 37.86121295 33.4263565 35.76293816 36.13579089 35.95420147 30.40838003 16.58012886 24.86759568 25.65904911 22.08971483 17.17078605 16.8346515 16.64512128
9900 37.8693005 33.43566517 35.76521697 36.13493489 35.9570331 30.41481286 16.60189721 24.87154383 25.65936404 22.09016446 17.18261448 16.84528374 16.6580304
10800 37.87611794 33.44464188 35.76697306 36.13391275 35.95870006 30.42082882 16.61848134 24.87489328 25.65968328 22.09030742 17.19410165 16.85600157 16.67059647
11700 37.88170769 33.45329844 35.76815818 36.13262638 35.95912283 30.42639518 16.64385917 24.87759288 25.66013739 22.09037984 17.20536626 16.86692827 16.68321378
12600 37.88609902 33.46154003 35.76884123 36.13126834 35.95860821 30.4314535 16.66910723 24.87976378 25.66058481 22.09028118 17.21643257 16.87774756 16.69530766
13500 37.88931461 33.46934322 35.76903486 36.12986023 35.9573023 30.43597253 16.6920235 24.88143308 25.66103496 22.09004936 17.22725436 16.88846562 16.7076306
14400 37.89137184 33.4766947 35.76873697 36.12841232 35.95531519 30.43994865 16.7146561 24.8826349 25.66148775 22.08971447 17.23794809 16.8990848 16.71988596
15300 37.89226773 33.48356875 35.76800237 36.12700964 35.95289364 30.44335309 16.73633652 24.88356876 25.66193627 22.08955554 17.24881116 16.90937934 16.73223839
16200 37.89144946 33.48996102 35.76677614 36.12557089 35.95001413 30.44634095 16.75692122 24.88412009 25.66239621 22.0893903 17.25945615 16.91966961 16.74455469
17100 37.86962393 33.49584479 35.76502678 36.12407588 35.94672005 30.44890243 16.77767509 24.88431538 25.66285954 22.08919827 17.26983824 16.92992132 16.75687228
18000 37.86853108 33.501176 35.76274516 36.12250023 35.94306652 30.45103806 16.79833689 24.88418261 25.66332254 22.08897532 17.28008248 16.94008826 16.76909799
18900 37.86671405 33.50623384 35.76035922 36.12103612 35.93914506 30.45292958 16.81875112 24.88372245 25.66382991 22.08880285 17.29017101 16.95016839 16.78142038
19800 37.86421457 33.51076829 35.75748131 36.11944953 35.93496267 30.45440462 16.83895454 24.88298404 25.6643413 22.08863014 17.30020213 16.96016207 16.79361131
20700 37.86086195 33.5147644 35.75410156 36.1177207 35.93054109 30.45550779 16.85738703 24.8819984 25.66485267 22.08844906 17.31005047 16.97011006 16.80598206
21600 37.85679682 33.51823112 35.75024162 36.11583576 35.92590753 30.45627082 16.87742793 24.88078827 25.66535961 22.08824958 17.31984665 16.98001453 16.81814424
22500 37.85241772 33.52156163 35.74541333 36.11346512 35.92070816 30.45630661 16.89595925 24.87908194 25.66566288 22.08753971 17.32900726 16.98975576 16.83067969
23400 37.84743388 33.52440913 35.74007792 36.11088699 35.91526677 30.4560059 16.91476204 24.87715084 25.66594335 22.0866764 17.33819902 16.99946172 16.84288437
24300 37.84187815 33.52678762 35.73428888 36.10809356 35.90962335 30.45540063 16.9329331 24.87501801 25.66619664 22.08569034 17.34724654 17.00913601 16.85532601
25200 37.83578731 33.52869759 35.72807517 36.10507055 35.90379895 30.45452369 16.95145282 24.87270591 25.66642262 22.08459157 17.35632135 17.01879474 16.86723744
26100 37.82841306 33.52937026 35.72144643 36.10184445 35.89790715 30.45355348 16.96924095 24.87040943 25.66679718 22.08361424 17.365477 17.02864254 16.87958134
27000 37.82051213 33.52961421 35.71443258 36.09837572 35.89186849 30.45236998 16.98514185 24.86799464 25.66713956 22.08257781 17.37460927 17.03847299 16.89152973
27900 37.81214021 33.52943716 35.70705087 36.0946641 35.88568648 30.45099342 17.00331742 24.86547269 25.66745688 22.08147108 17.38359794 17.04824696 16.90363713
28800 37.80333254 33.52884552 35.69928717 36.0907114 35.8793667 30.44944122 17.01895865 24.86285504 25.66774866 22.0802926 17.3924779 17.05800343 16.91559104
29700 37.79441695 33.52808574 35.69105692 36.08640705 35.87284443 30.44761545 17.0346578 24.86010874 25.66794633 22.07916955 17.40177765 17.06849077 16.92766392
30600 37.78515722 33.52706576 35.68253623 36.08186586 35.86618825 30.44565552 17.0523972 24.85728975 25.66812471 22.07806697 17.41088139 17.0788825 16.93998668
31500 37.77556414 33.52578171 35.67377665 36.07709902 35.85940349 30.44356831 17.06759432 24.85440799 25.66827861 22.07696098 17.41995052 17.08919095 16.95222265
32400 37.76565812 33.52403243 35.66480914 36.07211724 35.85249709 30.44136118 17.08324813 24.85147179 25.66840711 22.07583673 17.42894691 17.09937887 16.96440134
33300 37.75622601 33.5219539 35.65647566 36.06836671 35.84674377 30.44042681 17.09943527 24.85007627 25.6693269 22.0757719 17.43795302 17.10888152 16.97630527
34200 37.74656387 33.51961158 35.64804653 36.06464611 35.84110138 30.43965815 17.11663608 24.84881326 25.67020088 22.07584365 17.44687003 17.11831097 16.98828968
35100 37.73662451 33.51701995 35.63948772 36.0608896 35.8354869 30.43891133 17.13204757 24.84764918 25.67104505 22.07596961 17.45576736 17.127661 16.99973763
36000 37.72646278 33.51419702 35.63079713 36.05708438 35.82987076 30.43811876 17.14852106 24.84656548 25.67185677 22.07612418 17.46458801 17.13699347 17.01154922
36900 37.71532998 33.51108388 35.62159375 36.0523888 35.82413026 30.43647412 17.1665503 24.84475048 25.67224876 22.07585999 17.47419468 17.14754902 17.02565152
37800 37.70396489 33.50772306 35.61227221 36.04758397 35.81825187 30.43453936 17.1812489 24.8429085 25.67261499 22.07548273 17.48393825 17.15842899 17.0390473
38700 37.6924325 33.50410373 35.60287999 36.04270075 35.81231415 30.43245098 17.19937904 24.84108178 25.67295428 22.07503031 17.49363998 17.16936326 17.05242864
39600 37.68075879 33.50022625 35.59344043 36.0377284 35.80633521 30.43026784 17.21296735 24.83928777 25.67326843 22.07451471 17.50321133 17.18002493 17.06587158
40500 37.67065754 33.49776843 35.58530541 36.03308344 35.80052107 30.42900188 17.23129137 24.83888679 25.67428694 22.07600678 17.51388034 17.19195645 17.07924939
41400 37.66063292 33.49508721 35.57724058 36.0283004 35.79477332 30.42776448 17.24586889 24.83872047 25.67528962 22.07788115 17.52454218 17.20406077 17.09271324
42300 37.65061688 33.49222967 35.56920488 36.02335336 35.78903192 30.42651893 17.26438912 24.83874355 25.67628679 22.07997501 17.53515693 17.21659172 17.10621452
43200 37.6405909 33.4892111 35.56118903 36.01826136 35.78327293 30.42524938 17.27867781 24.83892371 25.67727262 22.08223153 17.54577486 17.22870645 17.11969892
