13 48
803709 877521 1078603 1825690 1957338 1858212 2858868 555139 575905 2342408 2870906 2417009 718908
900 37.73019696 33.32807334 35.69920977 36.08835201 35.83102203 30.33671384 16.3177133 24.79101682 25.65348172 22.0652371 17.03560301 16.72459462 16.52140498
1800 37.74904282 33.33921401 35.71201223 36.1010243 35.85377019 30.34791408 16.35086277 24.80058476 25.65424838 22.06847921 17.05253688 16.73619983 16.53902997
2700 37.76716626 33.35026799 35.72469185 36.11305723 35.87380505 30.35765041 16.38332286 24.80943584 25.65484946 22.07064707 17.06793462 16.74762068 16.56591787
3600 37.78447248 33.36130123 35.73719526 36.12461938 35.89218849 30.36678194 16.41180308 24.81784491 25.65533531 22.07205811 17.08279119 16.76029725 16.59410749
4500 37.79987224 33.3717323 35.74216342 36.12829499 35.90674844 30.37354896 16.44001337 24.82965562 25.65662091 22.07505823 17.0995196 16.77640953 16.62394584
5400 37.81418584 33.38210775 35.74660307 36.13061174 35.91894382 30.38076448 16.47170998 24.84092625 25.65787137 22.07837747 17.11653338 16.7937961 16.65238194
6300 37.82750366 33.39239881 35.75059894 36.13190355 35.92932123 30.38809951 16.5042952 24.85173888 25.65911898 22.08190204 17.13384639 16.8107825 16.67919796
7200 37.83985277 33.40254718 35.75417582 36.13233466 35.93799961 30.39547301 16.53688383 24.86208 25.6603796 22.08559559 17.15142705 16.8292227 16.70445211
8100 37.85042882 33.4122984 35.75756973 36.13198933 35.94402984 30.40219775 16.56772473 24.86748418 25.66066602 22.08708748 17.16728089 16.84544327 16.72583645
9000 37.859736 33.42180683 35.76051269 36.13125257 35.94848069 30.40848167 16.59781872 24.8722818 25.66096647 22.08793325 17.18094495 16.86116741 16.74564695
9900 37.86782726 33.43101555 35.76295427 36.13027735 35.95157323 30.41442704 16.62729491 24.87644153 25.66127065 22.0883615 17.19516314 16.87688181 16.76420865
10800 37.8747383 33.43988653 35.76487882 36.12917155 35.95349631 30.42001545 16.65610162 24.87999598 25.6615809 22.08848346 17.20960417 16.89251841 16.7816998
11700 37.88050494 33.44843998 35.76623075 36.12783285 35.95416813 30.42521642 16.68429179 24.88289247 25.66202739 22.08853708 17.22393569 16.90819759 16.7982137
12600 37.88516452 33.45659096 35.76707955 36.12645077 35.95389347 30.42996986 16.71183691 24.88525154 25.66246777 22.08842332 17.23797227 16.92361346 16.81387111
13500 37.88875836 33.46431879 35.76743983 36.1250452 35.9528187 30.43424017 16.73859517 24.88710046 25.66291106 22.08818146 17.25168012 16.93878856 16.82880484
14400 37.89133187 33.4716184 35.76731109 36.12362493 35.95105898 30.43801821 16.76446371 24.88847357 25.66335689 22.08784239 17.26505595 16.9536919 16.84313984
15300 37.89316831 33.4784696 35.76674882 36.12227378 35.94885972 30.44126903 16.78869379 24.88957041 25.66379805 22.08768583 17.27848314 16.96804548 16.85614494
16200 37.89573913 33.48485219 35.76569893 36.12090974 35.94619819 30.44414234 16.80273887 24.89027792 25.66425038 22.08753054 17.29146463 16.98211359 16.86928226
17100 37.89605085 33.49075535 35.76413002 36.11951166 35.94312056 30.44662189 16.82408605 24.89062315 25.66470596 22.08735676 17.30397973 16.99587174 16.88216351
18000 37.8952198 33.49615318 35.76203263 36.11805411 35.93967658 30.44870275 16.8470734 24.89063467 25.66516124 22.08716082 17.31598542 17.00932055 16.89445107
18900 37.89387872 33.50131008 35.75983341 36.11672828 35.93595787 30.45056306 16.87114054 24.89031417 25.66566101 22.08702441 17.32769881 17.02238338 16.90595631
19800 37.89179116 33.50593145 35.75714497 36.11529949 35.93197147 30.45202599 16.8940408 24.88971093 25.66616505 22.0868968 17.33920581 17.03501124 16.91823701
20700 37.88898526 33.51006083 35.75396669 36.11374615 35.92774594 30.45313198 16.91560275 24.88885675 25.66666955 22.08677006 17.35048105 17.04729512 16.93065842
21600 37.88549665 33.51369203 35.7503019 36.11205223 35.92331 30.45390963 16.93707845 24.88777488 25.66717039 22.08663421 17.36156867 17.05931454 16.94264899
22500 37.88169859 33.51721901 35.74567104 36.10988648 35.91830966 30.45396785 16.95944625 24.88619514 25.66746862 22.0859974 17.37203832 17.07092224 16.95409576
23400 37.87731275 33.52026048 35.74053519 36.10752458 35.91306959 30.45369634 16.98001174 24.88438886 25.66774544 22.08521664 17.3823773 17.08220992 16.96641252
24300 37.87236637 33.52282312 35.73494644 36.10495798 35.90762941 30.45312625 16.99953193 24.88237924 25.66799665 22.08432231 17.39260574 17.09332491 16.97859025
25200 37.8668896 33.52490963 35.72893266 36.10217084 35.90200994 30.45228884 17.01963975 24.88018876 25.66822216 22.08332389 17.40272134 17.10430956 16.98996077
26100 37.86014082 33.52577099 35.72250306 36.09918773 35.89632249 30.45136232 17.03890221 24.87801168 25.66859805 22.08245482 17.41296237 17.11541209 17.00229895
27000 37.85285967 33.52620486 35.71568597 36.09596606 35.89049189 30.45022554 17.05680949 24.87571444 25.66894343 22.08153384 17.42307241 17.12650015 17.01493301
27900 37.84509968 33.52642203 35.70848906 36.09250365 35.88452251 30.44889872 17.07454717 24.87330847 25.66926542 22.08054909 17.43309562 17.13761477 17.02709796
28800 37.83689275 33.52615127 35.70090727 36.08880411 35.87841453 30.44739984 17.09278823 24.8708054 25.66956357 22.07949845 17.44301251 17.14850506 17.03810199
29700 37.82855034 33.52569157 35.6928742 36.0847547 35.87210163 30.44562971 17.10984797 24.86817248 25.66976927 22.0785082 17.45324394 17.15960318 17.05023588
30600 37.8198474 33.52482793 35.68455864 36.0804683 35.86565815 30.44372756 17.12613677 24.86546584 25.66995754 22.07754258 17.46322144 17.17064098 17.06302882
31500 37.8107912 33.5235905 35.67600462 36.07595665 35.85908682 30.44169941 17.14324442 24.86269563 25.67012321 22.07657718 17.47313969 17.18215332 17.07503049
32400 37.80139375 33.52200781 35.66723609 36.07122715 35.85239025 30.4395524 17.15870915 24.85987021 25.67026531 22.0755969 17.4828742 17.19284832 17.08703448
33300 37.79240629 33.52014372 35.65907779 36.06772413 35.84684443 30.43868395 17.17581988 24.85857881 25.67120091 22.07567885 17.49258877 17.20339866 17.099437
34200 37.78319294 33.51805547 35.65079611 36.06424709 35.84140743 30.43798632 17.19395182 24.85741758 25.67209289 22.07589973 17.502239 17.21343798 17.11165959
35100 37.77373547 33.5157422 35.6423824 36.06072764 35.83599766 30.4373142 17.21037994 24.85635395 25.67295691 22.07617661 17.51185533 17.22399927 17.12325086
36000 37.76405036 33.51319276 35.63386184 36.05715206 35.83058605 30.43659885 17.22654679 24.8553697 25.67379033 22.07648366 17.52139938 17.23392003 17.135156
36900 37.75340779 33.5103368 35.6248445 36.05267858 35.82505096 30.4350304 17.24314357 24.85365595 25.6742057 22.07637347 17.53173205 17.24523388 17.14923505
37800 37.74252127 33.50720481 35.61571181 36.04808659 35.81937815 30.43317059 17.26041597 24.8519145 25.67459662 22.07615158 17.54207707 17.25667688 17.16285315
38700 37.7314516 33.50380437 35.60650322 36.043408 35.81364535 30.43115692 17.27613939 24.85018729 25.67496198 22.07585575 17.55242236 17.2677802 17.17634851
39600 37.7202219 33.50015519 35.59724031 36.03863217 35.80786993 30.42904831 17.29342667 24.84849166 25.67530344 22.07549761 17.56271466 17.27904522 17.18972553
40500 37.71051221 33.49793358 35.58926875 36.03417689 35.8022577 30.42785989 17.30976052 24.84818355 25.67635077 22.07714633 17.57400011 17.29200834 17.20315952
41400 37.70085012 33.49549247 35.58135819 36.0295765 35.79670946 30.42670137 17.32828502 24.84810763 25.67738376 22.0791753 17.5853302 17.30471995 17.21645923
42300 37.69105775 33.49287198 35.57346602 36.02480524 35.79116618 30.42553418 17.34414163 24.84821974 25.67841245 22.08142192 17.59664602 17.31724052 17.2300667
43200 37.68130376 33.49008614 35.56558586 36.01988287 35.78560256 30.42434274 17.36303735 24.84848828 25.67943098 22.08382972 17.6079329 17.32991682 17.24384683
