13 48
803709 877521 1078603 1825690 1957338 1858212 2858868 555139 575905 2342408 2870906 2417009 718908
900 37.7258075 33.32550679 35.69021584 36.09060595 35.83218565 30.33595278 16.31303024 24.79164565 25.65710442 22.05776341 17.03565413 16.72083435 16.52189516
1800 37.74525852 33.33628562 35.70191596 36.10389743 35.85387396 30.34627263 16.34585215 24.80070936 25.65763809 22.05923287 17.05113473 16.73210172 16.53348517
2700 37.7635562 33.34721277 35.71464169 36.11559034 35.87276059 30.35411742 16.37762682 24.80920412 25.6580392 22.06068438 17.06547637 16.74360701 16.54531229
3600 37.78073509 33.35826289 35.72736628 36.1265111 35.88999382 30.36113929 16.4077153 24.81731731 25.65840207 22.0618867 17.07913418 16.75482221 16.55746494
4500 37.79576954 33.36880597 35.73253677 36.12950065 35.90349002 30.36596727 16.438641 24.82888702 25.65962453 22.06494909 17.09419049 16.76833576 16.57219132
5400 37.80942703 33.37937034 35.73715612 36.13118458 35.91476833 30.37154318 16.46935242 24.83998114 25.66085037 22.06848022 17.10899632 16.78259771 16.58696372
6300 37.82161783 33.38989788 35.74132977 36.13193601 35.92439735 30.37753153 16.49917442 24.8506879 25.66209595 22.07230617 17.12360477 16.79672613 16.60206375
7200 37.83082341 33.40030881 35.74506486 36.13192084 35.93251416 30.38380123 16.52890832 24.86099196 25.66336796 22.07635372 17.13808014 16.80983965 16.61710141
8100 37.82268594 33.41033122 35.74855727 36.13120983 35.93815802 30.38960978 16.55593913 24.86641113 25.66367092 22.07823647 17.15067465 16.82172327 16.62997256
9000 37.83203953 33.42010454 35.75162749 36.13017251 35.94237329 30.3951161 16.57949836 24.87126859 25.66399024 22.07949996 17.15989692 16.83288152 16.64274957
9900 37.84032819 33.42958744 35.75427246 36.12894864 35.9453529 30.40039122 16.60087402 24.87552397 25.6643154 22.08035961 17.17103141 16.84367502 16.65539472
10800 37.84748975 33.43871318 35.75649544 36.127636 35.9472621 30.40539432 16.62351481 24.8792029 25.66464774 22.08091861 17.18219199 16.85425371 16.66790195
11700 37.85356021 33.44749761 35.7582304 36.12612478 35.9480001 30.41008041 16.64619064 24.88224665 25.66511715 22.08140923 17.193285 16.86506624 16.68026771
12600 37.858424 33.45586289 35.75952851 36.12460041 35.94785637 30.41438163 16.66755719 24.88477046 25.66558035 22.08172807 17.20417786 16.87609073 16.69254568
13500 37.86222649 33.46379465 35.76038716 36.12308173 35.9469665 30.4182562 16.68162679 24.88679736 25.66604579 22.08191121 17.21486474 16.88651146 16.70477171
14400 37.86514304 33.47127263 35.76079171 36.12157723 35.94543325 30.42169035 16.70357341 24.88835814 25.66651285 22.08198789 17.22530779 16.89725434 16.71689094
15300 37.86716913 33.47828853 35.76078544 36.12017174 35.94349993 30.42464426 16.72601342 24.88964872 25.66697402 22.08223638 17.23588709 16.90750966 16.7289286
16200 37.86826006 33.4848253 35.76030621 36.11878485 35.94114041 30.42726467 16.74757917 24.89055416 25.66744528 22.08247515 17.24620866 16.91747299 16.74092768
17100 37.86845916 33.49086127 35.75931681 36.11739682 35.93839536 30.42953244 16.76832139 24.89109983 25.66791867 22.0826843 17.25634067 16.92794548 16.75293709
18000 37.86780758 33.49638808 35.75780258 36.11598369 35.93531045 30.43143984 16.78849486 24.89131289 25.66839068 22.08286036 17.26632467 16.93773013 16.76493405
18900 37.86666938 33.5017546 35.75618528 36.11473813 35.9319738 30.43316291 16.80862043 24.89119465 25.66890614 22.08308492 17.2762128 16.94810465 16.77697647
19800 37.86479064 33.50662337 35.75407399 36.1134256 35.92839024 30.43452033 16.82692823 24.89079229 25.66942476 22.0833073 17.28603012 16.95783087 16.78898729
20700 37.86220008 33.51099922 35.75145434 36.11202285 35.9245861 30.43554893 16.84517194 24.89013647 25.66994277 22.08352054 17.29572363 16.96795447 16.80090706
21600 37.858933 33.51488859 35.74833136 36.11051255 35.92059245 30.43627479 16.86315284 24.88924944 25.67045611 22.08371548 17.30529128 16.97788878 16.81296331
22500 37.8553769 33.51868465 35.74422847 36.10856036 35.91604902 30.43630261 16.8808405 24.88786108 25.67076538 22.08340217 17.31429623 16.98730322 16.82461085
23400 37.85123393 33.52200245 35.73960875 36.10643909 35.91127912 30.43602165 16.90058717 24.88624222 25.67105206 22.08293889 17.32317981 16.99721457 16.83623845
24300 37.84653193 33.52485141 35.73452071 36.1041379 35.90632081 30.43546188 16.91842671 24.88441497 25.67131222 22.0823565 17.33202642 17.00635342 16.84801747
25200 37.8413023 33.52724622 35.728989 36.101637 35.90119498 30.4346527 16.93552886 24.88240145 25.67154582 22.08166493 17.3408439 17.01595091 16.85954377
26100 37.83477251 33.52843151 35.72302335 36.09895906 35.89601133 30.43377143 16.95238975 24.88039538 25.67192958 22.08109757 17.34981002 17.02579913 16.87134204
27000 37.82771537 33.52915708 35.71665037 36.09606053 35.8906861 30.43269517 16.96876043 24.87826291 25.67228218 22.08047319 17.35874165 17.03493128 16.88320693
27900 37.8201757 33.52965963 35.70988355 36.09293693 35.88522351 30.43144209 16.98492057 24.87601539 25.67261053 22.07978001 17.36761318 17.04465034 16.89475467
28800 37.81218781 33.52977895 35.70271563 36.08958775 35.87963232 30.43002878 17.00043004 24.87366431 25.67291413 22.07901605 17.37636398 17.05432469 16.90643202
29700 37.80407803 33.52965941 35.6950811 36.0858974 35.87384483 30.42835392 17.01625724 24.87117674 25.67312424 22.07830714 17.38552152 17.06413872 16.91846226
30600 37.79560391 33.52913274 35.68715043 36.08197599 35.86792986 30.42655588 17.0323179 24.86860886 25.6733162 22.07761729 17.39458534 17.07429322 16.93021345
31500 37.78676608 33.52823695 35.678959 36.07783055 35.86189056 30.42464085 17.04654912 24.86597095 25.67348491 22.07692232 17.40354282 17.0846096 16.94217959
32400 37.77758584 33.52699876 35.6705172 36.07346547 35.85572988 30.42261572 17.06214853 24.8632718 25.67362945 22.07620727 17.41247363 17.09457323 16.95389991
33300 37.76884664 33.52547787 35.66267606 36.07032854 35.85072216 30.42188387 17.07899826 24.86210018 25.67456925 22.07654797 17.42139698 17.10354888 16.96554283
34200 37.75989048 33.5237225 35.65471989 36.06721796 35.84582167 30.42133609 17.09425406 24.86105177 25.6754664 22.07702047 17.43026905 17.11303846 16.97742992
35100 37.75069155 33.52174208 35.64662695 36.06406118 35.8409454 30.42082407 17.1081566 24.86009485 25.67633555 22.07754145 17.43911404 17.12257897 16.98902558
36000 37.74126197 33.51953403 35.638409 36.06084161 35.83606457 30.42027702 17.12409528 24.85921144 25.67717397 22.07808502 17.44786794 17.13187156 17.00082978
36900 37.73085339 33.51702033 35.62967154 36.05671317 35.83105717 30.41888045 17.14083465 24.85759383 25.67759335 22.07820427 17.45749021 17.14192652 17.01452577
37800 37.72020005 33.51422912 35.62079693 36.05245392 35.825907 30.41719397 17.15531399 24.85594317 25.67798729 22.07820539 17.46702673 17.15247719 17.02767553
38700 37.70936072 33.5111683 35.61182705 36.04809619 35.82069002 30.4153556 17.17274701 24.85430101 25.67835522 22.07812659 17.47657625 17.16317053 17.04068506
39600 37.69836004 33.5078568 35.60278347 36.04363053 35.81542227 30.41342547 17.18939991 24.85268505 25.67869898 22.07797959 17.48606176 17.17379084 17.05339664
40500 37.68890741 33.50596432 35.59501802 36.03947622 35.81030894 30.41242332 17.20569881 24.85244991 25.67975081 22.07982844 17.49652056 17.1856577 17.06661769
41400 37.67950363 33.50384492 35.58729297 36.03516721 35.80524991 30.41145698 17.22396697 24.8524402 25.68078982 22.0820449 17.5070391 17.19735301 17.07987351
42300 37.67010582 33.50154035 35.5795702 36.03067775 35.80018562 30.41048584 17.23993435 24.85261393 25.68182499 22.08446696 17.51753883 17.20922147 17.09356255
43200 37.66068179 33.4990644 35.57184553 36.02602672 35.79509271 30.40949274 17.25816832 24.85294025 25.68285033 22.08703883 17.5281302 17.2212909 17.10693573
