13 48
803709 877521 1078603 1825690 1957338 1858212 2858868 555139 575905 2342408 2870906 2417009 718908
900 37.73390601 33.33111417 35.70957139 36.08120121 35.83000342 30.33756296 16.32739781 24.79089015 25.64739418 22.07235165 17.04412561 16.72910072 16.52280264
1800 37.7518689 33.34275948 35.72372216 36.09307063 35.85395316 30.34978267 16.35561367 24.80085927 25.64834748 22.07753453 17.06304628 16.74129642 16.53545925
2700 37.76963201 33.3540497 35.73661778 36.10549067 35.87522005 30.36170389 16.38450104 24.80998439 25.64912692 22.08063249 17.07943206 16.75319017 16.54813413
3600 37.78692065 33.36515406 35.7491438 36.11782589 35.89482855 30.37330296 16.41367313 24.81860032 25.64973377 22.08246937 17.09448706 16.76505138 16.56079846
4500 37.80250017 33.37547647 35.75409274 36.12232169 35.910484 30.3823693 16.44374933 24.83059842 25.65108821 22.08561251 17.11056044 16.77890865 16.57542739
5400 37.81714976 33.38561037 35.75851805 36.12540295 35.92360383 30.39156 16.47409629 24.84201139 25.65237317 22.08890843 17.12621823 16.79188327 16.59073218
6300 37.83089317 33.39557663 35.76253644 36.12735275 35.93468997 30.40054302 16.50390375 24.85288473 25.65363361 22.09229972 17.13876924 16.80575293 16.60651019
7200 37.84370905 33.40536123 35.76600928 36.1283301 35.94386877 30.4092854 16.53315044 24.86321944 25.6548927 22.09578562 17.15287756 16.81959957 16.62223884
8100 37.85474683 33.41474085 35.76905518 36.12843308 35.95021962 30.41715659 16.56120026 24.86855848 25.65517446 22.09700711 17.16527832 16.83108433 16.63557318
9000 37.86450003 33.42388976 35.77148583 36.12806419 35.95483933 30.42441579 16.58688761 24.87324248 25.65546676 22.09753091 17.17749533 16.84209557 16.64874768
9900 37.87300556 33.43277008 35.77332022 36.12739099 35.95797558 30.43119666 16.61190914 24.87725048 25.65575909 22.0976049 17.18945369 16.85318615 16.66174374
10800 37.88028775 33.44134285 35.77459268 36.12653225 35.95984063 30.43750391 16.63710004 24.88062292 25.65605494 22.09735204 17.20113647 16.86412031 16.67465699
11700 37.88636698 33.44962567 35.7752685 36.12539322 35.96037138 30.44332216 16.66227377 24.88331384 25.65648443 22.09701852 17.21266845 16.87491557 16.68762403
12600 37.89127882 33.45751735 35.77542768 36.12416778 35.95988722 30.44860147 16.68722333 24.88545013 25.65690688 22.09651185 17.22397095 16.88541699 16.70054044
13500 37.89505586 33.46499163 35.77509137 36.12287698 35.95854512 30.45331413 16.69812675 24.88706348 25.65733205 22.09587555 17.23507745 16.89599128 16.71346614
14400 37.89773896 33.47202426 35.77426386 36.12152958 35.95646434 30.45746017 16.71956175 24.88819187 25.65776005 22.09514378 17.24592776 16.90686784 16.7262558
15300 37.89942622 33.47860726 35.77300474 36.12020838 35.95389924 30.46101298 16.74197416 24.88903843 25.65818412 22.09459912 17.25683602 16.91760486 16.73832193
16200 37.90009937 33.48471908 35.77126192 36.11882996 35.95083701 30.46412822 16.76324518 24.88949179 25.65861988 22.09406088 17.26741853 16.92797803 16.75071815
17100 37.8998154 33.4903344 35.76900644 36.11737249 35.94733005 30.46679518 16.78340447 24.8895813 25.65905956 22.09350993 17.27776008 16.93795831 16.7635334
18000 37.89863062 33.49544116 35.76623244 36.11581018 35.94343207 30.46901474 16.80444095 24.88933756 25.65949959 22.09294257 17.2879331 16.94807196 16.77611556
18900 37.89689943 33.50034827 35.76336947 36.11433432 35.93923695 30.47096853 16.82654664 24.88876295 25.65998458 22.09244098 17.29804608 16.95855495 16.78808298
19800 37.89438926 33.5047231 35.76003315 36.11271057 35.93475378 30.47248618 16.84727726 24.88790892 25.66047454 22.09195471 17.30806311 16.96887797 16.80011032
20700 37.89113272 33.50856007 35.75620947 36.11092026 35.93000797 30.47361415 16.86725583 24.88680827 25.66096562 22.09147492 17.3179364 16.97857568 16.81285322
21600 37.88717185 33.51198254 35.75190376 36.10895092 35.92503097 30.47438576 16.88661005 24.88548516 25.66145362 22.09099088 17.32769521 16.98832594 16.82540409
22500 37.8828869 33.51524289 35.74666453 36.10647532 35.91947335 30.47441635 16.90348716 24.88367024 25.6617406 22.09000866 17.33689626 16.99852345 16.83734793
23400 37.87800011 33.5179112 35.74094842 36.10377418 35.91366276 30.47409801 16.92112808 24.88163504 25.66200697 22.08888407 17.3459951 17.00804119 16.84906122
24300 37.87254302 33.52010429 35.73480239 36.10084184 35.90763833 30.47346244 16.93936159 24.87940328 25.66224811 22.08764727 17.35497009 17.01755407 16.86150601
25200 37.8665505 33.52188112 35.72825473 36.09766573 35.90142056 30.47254349 16.95943544 24.87699797 25.66246394 22.08630757 17.36385894 17.02731306 16.87372799
26100 37.85927753 33.52243619 35.72131714 36.09427437 35.8951281 30.47152008 16.97819302 24.87461397 25.66282928 22.08509887 17.37296858 17.03687834 16.88568804
27000 37.85147306 33.52253776 35.71401157 36.09063042 35.88868335 30.47027256 16.99601804 24.87211834 25.6631642 22.08384019 17.38203806 17.04666937 16.89741177
27900 37.84319331 33.52215331 35.70632355 36.08673651 35.88209015 30.46882169 17.0129856 24.86952223 25.66347616 22.08251974 17.39101872 17.05638601 16.90998821
28800 37.83447526 33.52131922 35.69825765 36.08259637 35.87535458 30.46718585 17.02949852 24.86683717 25.66376476 22.08113543 17.39986573 17.0657305 16.92235579
29700 37.8256385 33.5203491 35.68977502 36.07810012 35.86841248 30.465267 17.04588238 24.8640306 25.66396183 22.07981455 17.40911472 17.07642403 16.93451147
30600 37.81644974 33.51902862 35.68103989 36.07336556 35.86132653 30.46320427 17.06223799 24.86115826 25.66414186 22.07852189 17.41818529 17.0866619 16.94591758
31500 37.80691385 33.5173877 35.67209774 36.06840604 35.85411051 30.46100395 17.07860529 24.85823011 25.66429955 22.07723287 17.4271316 17.09657277 16.95821902
32400 37.79704922 33.51545181 35.66296095 36.06323189 35.84677127 30.45867336 17.09617506 24.85525427 25.66443389 22.07593222 17.4359103 17.10679328 16.97122481
33300 37.78762142 33.51327785 35.65446419 36.0592886 35.84058556 30.45760463 17.11176522 24.8538207 25.66535675 22.07569859 17.44489955 17.11649794 16.98296916
34200 37.77799113 33.51087832 35.64588038 36.05537402 35.83451168 30.45669194 17.12684511 24.85252531 25.6662341 22.07560934 17.45382551 17.12588466 16.99494743
35100 37.76812829 33.50822303 35.63716857 36.05142389 35.82846963 30.45579329 17.14429311 24.85133524 25.66708304 22.0755819 17.4626505 17.13522195 17.00748992
36000 37.75803764 33.50531342 35.6283457 36.04742741 35.82243214 30.45484232 17.1573946 24.85023182 25.66790115 22.07559066 17.4714549 17.14472463 17.01981877
36900 37.74698492 33.5020823 35.61903588 36.04254619 35.81627792 30.45303489 17.17200308 24.84840563 25.66830317 22.07518804 17.48111702 17.15548422 17.03365528
37800 37.73569127 33.49856133 35.60962606 36.03756208 35.80999546 30.45093444 17.19045152 24.8465583 25.66868169 22.07467913 17.49078293 17.16632415 17.04680767
38700 37.72422426 33.49476323 35.60016144 36.03250587 35.803664 30.44867782 17.20483759 24.84473137 25.66903489 22.07410167 17.500446 17.17700791 17.06004112
39600 37.71261026 33.49071046 35.5906635 36.02736654 35.7973031 30.4463247 17.22116833 24.84294167 25.66936428 22.07346737 17.51001651 17.18760448 17.07321647
40500 37.70253939 33.48809088 35.58246619 36.02256093 35.7911238 30.44488622 17.23826375 24.84254446 25.67039464 22.07485219 17.52057191 17.19976628 17.08656596
41400 37.69254454 33.48526133 35.57433827 36.01762309 35.78502319 30.44347376 17.25328903 24.84238502 25.67140876 22.07663039 17.5311073 17.21202186 17.09992721
42300 37.68255459 33.48226723 35.56624628 36.01252806 35.77893764 30.44205122 17.27152932 24.842418 25.67241799 22.07863789 17.54163731 17.22427776 17.11368544
43200 37.67254605 33.47912069 35.55818132 36.00729613 35.77284627 30.44060324 17.28739448 24.84261084 25.67341645 22.08081739 17.55216575 17.23645903 17.12722136
