13 48
803709 877521 1078603 1825690 1957338 1858212 2858868 555139 575905 2342408 2870906 2417009 718908
900 37.731414 33.32816761 35.69960201 36.08603737 35.83088289 30.33671878 16.31950757 24.79104652 25.6523692 22.0647441 17.03932593 16.72509577 16.52224045
1800 37.75038067 33.33933262 35.71247309 36.09861654 35.85385368 30.34793753 16.35274055 24.80065449 25.65311248 22.06800272 17.0562785 16.73680174 16.53420743
2700 37.76859917 33.3504293 35.72517149 36.11062542 35.87399696 30.35768057 16.38530941 24.80953413 25.65370518 22.07024777 17.07159299 16.74813119 16.54664496
3600 37.78599179 33.36147682 35.73766319 36.12219792 35.8924489 30.36682064 16.41168135 24.81795366 25.6541937 22.07175553 17.08595731 16.75980796 16.55928555
4500 37.8014704 33.37187221 35.74272113 36.12589654 35.90704905 30.37361701 16.43941007 24.82976107 25.65548558 22.07485408 17.10152786 16.77374895 16.57434302
5400 37.81585732 33.38219557 35.74734533 36.12824676 35.91927181 30.38088797 16.46836702 24.84101906 25.65674376 22.07826551 17.11672583 16.78798214 16.58931211
6300 37.82924206 33.39243454 35.75151082 36.12957501 35.92966247 30.38829967 16.49774277 24.85181346 25.65799881 22.08187269 17.13171501 16.80078633 16.60444093
7200 37.84165034 33.40253676 35.75515351 36.13004044 35.9383424 30.39576242 16.5262049 24.86213365 25.6592657 22.0856386 17.14493759 16.81468103 16.61972996
8100 37.85227635 33.41225024 35.75844803 36.1297245 35.94436885 30.40258049 16.55251684 24.86751604 25.65955894 22.08719223 17.156116 16.82641201 16.63286112
9000 37.86162118 33.42173154 35.76122103 36.12901121 35.94881372 30.40895508 16.57786675 24.87229172 25.65986518 22.08809005 17.16804994 16.83757505 16.64586888
9900 37.86973906 33.43092126 35.76349293 36.12805316 35.95189732 30.41498373 16.60246588 24.87642946 25.66017401 22.0885624 17.17989427 16.84852921 16.65868006
10800 37.87666436 33.43978067 35.76527169 36.12695835 35.95380898 30.42064512 16.62652463 24.87996205 25.66048791 22.08872174 17.19142159 16.85933338 16.67134789
11700 37.88243251 33.44832964 35.76650514 36.12562462 35.95446797 30.42590757 16.650156 24.88283697 25.66093696 22.08880698 17.20279353 16.87018647 16.68392102
12600 37.88708167 33.45648164 35.76725816 36.12424198 35.95417982 30.43071125 16.67426414 24.88517471 25.66137926 22.08871982 17.21393552 16.88080401 16.69637584
13500 37.89066106 33.46421454 35.76753982 36.12283055 35.95309001 30.43502167 16.69730902 24.88700244 25.66182399 22.08850017 17.22486851 16.89130079 16.70849906
14400 37.89441336 33.47151238 35.76734499 36.12139929 35.95130761 30.43883058 16.71838584 24.88835449 25.6622709 22.0881796 17.23558842 16.90175684 16.72044477
15300 37.89709446 33.47836689 35.7667257 36.12003225 35.94907926 30.44210369 16.73068972 24.88943036 25.6627129 22.08803814 17.24647161 16.91192712 16.73265348
16200 37.89801393 33.48474577 35.7656253 36.1186474 35.94638737 30.44499114 16.75155868 24.89011676 25.66316583 22.08789462 17.25696682 16.92214574 16.74524918
17100 37.89801736 33.49064049 35.76401059 36.11722377 35.9432795 30.44747693 16.77200494 24.89044063 25.6636218 22.08772965 17.26714408 16.93236754 16.75770451
18000 37.89715925 33.49603119 35.76187117 36.1157361 35.93981073 30.44955651 16.79223446 24.8904305 25.66407729 22.08753977 17.27713425 16.94256474 16.76980093
18900 37.89579099 33.50122269 35.75963334 36.11437607 35.93606983 30.4514091 16.81209112 24.89008804 25.66457699 22.08740689 17.28703272 16.95267504 16.78164267
19800 37.89367497 33.50582894 35.75690975 36.11290908 35.93206179 30.45285848 16.83235015 24.88946242 25.66508073 22.08728047 17.29683587 16.96268776 16.79367702
20700 37.89084081 33.5099527 35.75370027 36.1113142 35.92780889 30.45394629 16.85191923 24.88858551 25.66558471 22.0871526 17.30653789 16.97262824 16.80580923
21600 37.88732263 33.51358267 35.75000387 36.10957592 35.92334007 30.45470244 16.8712022 24.8874806 25.66608478 22.08701338 17.31613412 16.98250833 16.81790205
22500 37.88349445 33.51710645 35.74534242 36.10736326 35.9183042 30.45473719 16.89257375 24.88587762 25.66638234 22.08637099 17.32518037 16.99219645 16.82983047
23400 37.87907988 33.52014081 35.74017759 36.10495281 35.913028 30.45444108 16.91167857 24.88404779 25.6666583 22.08558257 17.33419151 17.00180191 16.84174742
24300 37.87410661 33.52269978 35.73456183 36.10233665 35.90755125 30.45384579 16.93029885 24.88201449 25.66690836 22.08467854 17.3431706 17.01134085 16.85365274
25200 37.86860322 33.52479382 35.72852269 36.09949951 35.90189567 30.45298313 16.94759038 24.87980042 25.66713244 22.0836685 17.35209954 17.02081938 16.86568828
26100 37.86183218 33.52565504 35.72206929 36.09646652 35.8961728 30.45203109 16.96588357 24.87759983 25.66750626 22.08278607 17.36123081 17.03049923 16.87770263
27000 37.85453079 33.52609272 35.71522785 36.09319544 35.89030408 30.45086852 16.98328311 24.87527927 25.66784924 22.08185005 17.37026199 17.04012817 16.88984739
27900 37.84675533 33.52611688 35.70800619 36.08968433 35.884287 30.44951547 17.00046955 24.87285025 25.66816855 22.08084868 17.37926 17.04971859 16.90164378
28800 37.83853762 33.52574128 35.70040103 36.0859379 35.87813275 30.44799001 17.0169946 24.87032447 25.66846375 22.07977995 17.38812404 17.05923675 16.91365486
29700 37.83018664 33.52523532 35.69234836 36.0818433 35.87177764 30.44619284 17.03327234 24.86766928 25.6686664 22.07877033 17.39735555 17.06952807 16.92569145
30600 37.82147655 33.52436282 35.68401586 36.07751377 35.86529663 30.44426336 17.04921837 24.86494086 25.66885141 22.07778414 17.40650629 17.07976174 16.9378594
31500 37.812416 33.52314506 35.67544749 36.07296123 35.8586912 30.44220756 17.06474806 24.86214938 25.6690136 22.07679703 17.4155207 17.09000114 16.95001754
32400 37.80301654 33.52160095 35.66666679 36.06819322 35.85196473 30.44003254 17.07860015 24.8593033 25.66915202 22.07579391 17.4244982 17.10021907 16.96207068
33300 37.79402989 33.51977901 35.65849662 36.06465538 35.84639287 30.43913555 17.09689511 24.85799141 25.67008211 22.075852 17.43346287 17.10984358 16.97400768
34200 37.78481722 33.5177147 35.65020653 36.06114603 35.84093139 30.4384089 17.11171554 24.85681069 25.67096813 22.07604782 17.44229253 17.11945161 16.98597723
35100 37.77536257 33.51540468 35.64178721 36.05759675 35.83549943 30.43770748 17.12702351 24.85572837 25.67182599 22.07629859 17.45100116 17.12897614 16.99784577
36000 37.76568213 33.512856 35.63326101 36.05399382 35.83006818 30.43696266 17.1427577 24.85472621 25.67265311 22.07657857 17.459654 17.13837906 17.00968241
36900 37.75504548 33.51000249 35.62423814 36.04949484 35.82451487 30.43536452 17.15725583 24.85299535 25.67306285 22.07644044 17.46915456 17.14874137 17.02357927
37800 37.74416679 33.50687214 35.6151003 36.04488005 35.81882543 30.43347499 17.17556223 24.85123745 25.67344822 22.07618991 17.47872337 17.15916531 17.03695263
38700 37.73310711 33.50346995 35.60588832 36.04018093 35.81307777 30.43143115 17.18948911 24.8494944 25.67380801 22.07586484 17.48829183 17.16982648 17.05019589
39600 37.72189074 33.49981447 35.59662392 36.03538681 35.8072894 30.42929215 17.20789149 24.84778357 25.67414391 22.07547689 17.49783903 17.18074781 17.06323349
40500 37.71219669 33.49758538 35.58865172 36.0309161 35.80166576 30.42807336 17.22237382 24.84746083 25.67518426 22.07709567 17.50841813 17.19251052 17.07650214
41400 37.70256314 33.49513594 35.58074119 36.02630228 35.79610681 30.42688472 17.24074184 24.84737101 25.67620998 22.07909429 17.51899595 17.20488823 17.0901077
42300 37.69292138 33.49250676 35.57284969 36.02151946 35.79055261 30.42568781 17.25635002 24.84747003 25.67723137 22.08131018 17.52957476 17.2167661 17.10376086
43200 37.68324289 33.48971249 35.56497136 36.01658725 35.78498089 30.42446695 17.27427525 24.84772627 25.6782426 22.0836869 17.540197 17.22915835 17.11751092
