13 48
803709 877521 1078603 1825690 1957338 1858212 2858868 555139 575905 2342408 2870906 2417009 718908
900 37.72840744 33.33007795 35.69955621 36.08555548 35.83087871 30.33650994 16.31949672 24.79082379 25.6523692 22.06470798 17.03932601 16.72509451 16.52223671
1800 37.746443 33.34144581 35.71259288 36.09779851 35.85356999 30.34758816 16.35272218 24.80023111 25.65311248 22.06795011 17.05627871 16.73680035 16.53418375
2700 37.76420587 33.35275165 35.72533086 36.10976837 35.87356634 30.3573884 16.38530857 24.80903307 25.65370514 22.07018408 17.07159271 16.74812903 16.5466085
3600 37.7814236 33.36395366 35.73779986 36.12139476 35.89191703 30.36668625 16.41164378 24.81742707 25.65419358 22.0716808 17.08595581 16.75980416 16.5592415
4500 37.7968531 33.3744458 35.74270404 36.12517576 35.90644615 30.37366911 16.4393856 24.82922518 25.65548545 22.07476785 17.10152483 16.77374282 16.5742862
5400 37.81121685 33.38481533 35.74704075 36.12761183 35.91861133 30.38111735 16.46834143 24.84047774 25.6567438 22.07816767 17.11672097 16.78797293 16.58925575
6300 37.82454361 33.39506227 35.75086193 36.12901787 35.92895875 30.38868055 16.49770972 24.85126954 25.6579993 22.08176345 17.13170822 16.80077389 16.60438363
7200 37.83682775 33.40515175 35.75413227 36.12954754 35.937604 30.3962636 16.52617784 24.86159062 25.65926696 22.08551832 17.14493597 16.81466634 16.61966951
8100 37.84725512 33.41484352 35.75702625 36.12927899 35.94359511 30.40317168 16.55248315 24.86697904 25.65956126 22.08706137 17.1561075 16.82639493 16.63279483
9000 37.85632376 33.42429544 35.75936275 36.12859395 35.94799791 30.40961001 16.57783111 24.87176633 25.65986882 22.08794903 17.16803934 16.83755533 16.64579601
9900 37.86406971 33.43345251 35.7611516 36.12764347 35.95103133 30.41568155 16.60243172 24.87592099 25.66017913 22.08841158 17.17988171 16.84850631 16.65859981
10800 37.87048868 33.44227469 35.76242147 36.12653435 35.95288296 30.42136981 16.62649129 24.87947493 25.66049461 22.08856147 17.19140666 16.85930702 16.67126329
11700 37.87550216 33.45077976 35.76313376 36.1251637 35.95347008 30.426647 16.65012713 24.88237447 25.66094526 22.08863757 17.20277611 16.87015612 16.68383141
12600 37.87866868 33.45887633 35.76336101 36.12372124 35.95309728 30.43145596 16.67422551 24.88473909 25.66138913 22.08854158 17.2139154 16.88076933 16.69624782
13500 37.86044343 33.46654281 35.76312546 36.12222728 35.95191267 30.43576386 16.69726311 24.88659504 25.66183534 22.08831337 17.22484515 16.89126043 16.70857289
14400 37.86356839 33.4737598 35.76243452 36.12069154 35.95003431 30.43956392 16.71840697 24.88797593 25.66228366 22.08798454 17.23556196 16.9017207 16.72096944
15300 37.86512588 33.48051682 35.76135084 36.11919929 35.94770274 30.44282326 16.73071903 24.88908061 25.66272696 22.08783513 17.24645888 16.91192968 16.732903
16200 37.8657059 33.48679042 35.75982628 36.11767026 35.94489737 30.44569327 16.75160417 24.88979547 25.6631811 22.087684 17.25697388 16.92217273 16.74488326
17100 37.86534181 33.49255973 35.75784136 36.11608562 35.9416654 30.44815867 16.77206008 24.89014739 25.66363821 22.08751181 17.26715139 16.93237288 16.75719848
18000 37.86408058 33.49782113 35.75538559 36.11442255 35.93805777 30.45021593 16.79225035 24.89016503 25.66409478 22.08731513 17.27711859 16.94252887 16.76969041
18900 37.86229559 33.50288535 35.7528848 36.11287535 35.93416685 30.45204408 16.81208179 24.88985017 25.66459553 22.08717587 17.28699957 16.95262886 16.78166287
19800 37.85974216 33.50740998 35.74995092 36.11121232 35.93000101 30.45346651 16.83233725 24.88925204 25.66510029 22.08704354 17.29679934 16.96264813 16.79353996
20700 37.85645629 33.51148919 35.74656916 36.10941504 35.92559006 30.45452418 16.85187755 24.88840244 25.6656053 22.08691025 17.30649944 16.97258602 16.80567374
21600 37.85248128 33.51522841 35.7427437 36.10747081 35.920963 30.45524634 16.87112005 24.88732455 25.66610641 22.08676612 17.31609011 16.98245982 16.81778338
22500 37.84821437 33.51869457 35.73799712 36.10505142 35.91576772 30.45524262 16.89246007 24.88574821 25.66640504 22.08611933 17.32512974 16.99214334 16.82973277
23400 37.843363 33.5215959 35.732792 36.10243614 35.91033084 30.45490347 16.91159253 24.88394455 25.6666821 22.08532701 17.33413303 17.00174621 16.84165866
24300 37.8379807 33.52400318 35.72718014 36.09961954 35.90469246 30.45426042 16.93016623 24.88193685 25.6669333 22.08441958 17.34310689 17.01128334 16.8535532
25200 37.83208724 33.52593781 35.72118536 36.09658792 35.89887545 30.45334513 16.94763726 24.87974772 25.66715857 22.08340666 17.35204163 17.02075774 16.86547775
26100 37.8249118 33.5266309 35.71481435 36.09336822 35.89299284 30.45233548 16.96571991 24.87757131 25.66753363 22.08252189 17.36115314 17.03042645 16.87762379
27000 37.81722849 33.52689707 35.70809644 36.08991955 35.88697172 30.45111092 16.98322598 24.87527408 25.66787789 22.08158408 17.37019339 17.04005394 16.88969329
27900 37.80908941 33.52675657 35.70105249 36.08624372 35.88081303 30.4496917 17.00036212 24.87286752 25.66819853 22.08058144 17.3791635 17.04964385 16.90153723
28800 37.80052882 33.52621531 35.69368903 36.08234545 35.87451914 30.44809598 17.01679775 24.87036333 25.6684951 22.07951198 17.38804279 17.05915551 16.9135071
29700 37.79186903 33.52554243 35.68590933 36.07811277 35.86803217 30.44622464 17.03299153 24.86772894 25.66869915 22.07850212 17.39725574 17.06944737 16.92563086
30600 37.78286691 33.52449996 35.67782487 36.07366085 35.8614226 30.44421716 17.04890097 24.86502059 25.66888558 22.07751615 17.40642916 17.07969041 16.93763681
31500 37.77353089 33.52311276 35.66945689 36.0690005 35.85469253 30.44208037 17.06467692 24.86224854 25.66904921 22.07652972 17.41542293 17.08989923 16.94985457
32400 37.76387725 33.52139745 35.66085043 36.06413867 35.84784613 30.43982202 17.07847929 24.85942125 25.66918907 22.07552768 17.42436873 17.10011422 16.9618617
33300 37.75468599 33.51941183 35.6528634 36.06052011 35.84216051 30.43884051 17.096525 24.85812764 25.67012065 22.07558731 17.43332986 17.10972728 16.97380858
34200 37.74530574 33.51719271 35.64477969 36.05694403 35.83659333 30.43802877 17.11167753 24.85696437 25.67100814 22.07578513 17.4421692 17.11933124 16.98573919
35100 37.73571446 33.51473869 35.63657892 36.05334166 35.8310623 30.43724222 17.12634958 24.85589867 25.67186746 22.07603829 17.45086341 17.12884914 16.99766266
36000 37.7259246 33.51206904 35.6282739 36.04969977 35.82553912 30.43641269 17.14260869 24.85491232 25.67269601 22.07632103 17.45950521 17.13824853 17.00945183
36900 37.71518553 33.50912883 35.6194727 36.04517542 35.81990182 30.43473038 17.15669284 24.85319641 25.67310712 22.07618599 17.46901865 17.14860924 17.02336286
37800 37.70422947 33.50594857 35.61055321 36.04054655 35.81413529 30.43275685 17.17524085 24.85145261 25.67349382 22.07593886 17.47856331 17.15902429 17.03666067
38700 37.69311518 33.50252928 35.60155972 36.03584442 35.80831734 30.43062994 17.18945083 24.84972279 25.6738549 22.07561746 17.48814962 17.16966733 17.05024273
39600 37.68186544 33.49887243 35.59251037 36.03105841 35.80246549 30.42840951 17.20781706 24.84802424 25.67419203 22.07523346 17.49769048 17.18060951 17.06352281
40500 37.67219208 33.49662334 35.58475128 36.02660583 35.79678587 30.42711175 17.22186676 24.84771287 25.67523359 22.07685649 17.50828643 17.19241223 17.07711079
41400 37.66260274 33.49409716 35.57704787 36.02202002 35.79117859 30.42584686 17.2413032 24.84763343 25.67626047 22.07885972 17.51890089 17.2048449 17.09072285
42300 37.65302833 33.4913377 35.56936708 36.01727428 35.78558476 30.42457674 17.25615832 24.84774184 25.67728296 22.08108048 17.52951464 17.21679116 17.10435757
43200 37.64344275 33.48841692 35.56170534 36.01238707 35.7799781 30.42328516 17.27459292 24.84800657 25.67829523 22.08346232 17.54017495 17.22923105 17.11795473
