13 48
803709 877521 1078603 1825690 1957338 1858212 2858868 555139 575905 2342408 2870906 2417009 718908
900 37.73037268 33.3280637 35.70209286 36.07417451 35.83107779 30.33674443 16.32961934 24.79116474 25.64656718 22.06225824 17.05311223 16.72772091 16.52702109
1800 37.74899395 33.33955555 35.71641407 36.08638998 35.85390964 30.34814363 16.36320741 24.80084498 25.64717934 22.06562753 17.06887892 16.73979913 16.53683459
2700 37.7671198 33.35086409 35.72987752 36.09843647 35.87390795 30.35829454 16.39262956 24.80977641 25.64772717 22.06830252 17.08336129 16.75197174 16.54210238
3600 37.7845754 33.36201444 35.74274666 36.11020453 35.89218791 30.36803471 16.41910023 24.81819172 25.6482304 22.07034244 17.09694416 16.76333267 16.54634888
4500 37.80018189 33.37244029 35.74785526 36.11411748 35.90661142 30.37553309 16.44794397 24.82995021 25.64955682 22.07398179 17.11148896 16.77580268 16.55251818
5400 37.81471846 33.38274796 35.75231083 36.11669659 35.91868739 30.38352241 16.47754896 24.84112948 25.65085793 22.07790166 17.12540869 16.78890012 16.55795998
6300 37.82825504 33.39294109 35.75625519 36.1182437 35.9289549 30.39160916 16.50491768 24.85182891 25.65215563 22.08196738 17.13870105 16.80129472 16.56386539
7200 37.84080673 33.4029827 35.75978048 36.11890456 35.93752639 30.39967008 16.53124685 24.86204694 25.65346048 22.08613889 17.1514366 16.81178363 16.56999894
8100 37.85155586 33.41262877 35.76304304 36.11875533 35.94344973 30.40699539 16.55499848 24.86732556 25.65379571 22.08804318 17.16193726 16.82009153 16.57387525
9000 37.8609997 33.42204103 35.76579193 36.11817971 35.94779287 30.41378538 16.57716628 24.87199807 25.65413968 22.08924134 17.17200156 16.82793524 16.5780699
9900 37.86918659 33.43116628 35.76799049 36.11733055 35.95077482 30.4201428 16.59839644 24.87603284 25.65448102 22.08997244 17.18166332 16.83515019 16.58195048
10800 37.87615291 33.43997393 35.76965379 36.11631671 35.95258265 30.42605592 16.61893058 24.87946317 25.6548227 22.09035507 17.19086248 16.84145751 16.58589694
11700 37.88193415 33.44848321 35.77073882 36.11503676 35.95313279 30.43150292 16.63874246 24.88223707 25.65529403 22.09063307 17.19976135 16.84815117 16.59005709
12600 37.88657081 33.45659643 35.77132018 36.113683 35.95273034 30.43643421 16.65799584 24.88447523 25.655755 22.09071215 17.20815241 16.85470458 16.59401355
13500 37.89010877 33.46429852 35.77141489 36.11227687 35.95152195 30.44082476 16.67198902 24.886205 25.65621545 22.09063538 17.21612499 16.86082508 16.59833937
14400 37.89260386 33.47156113 35.77102392 36.11082924 35.94962065 30.44467516 16.68337936 24.88746037 25.65667557 22.09043702 17.22376478 16.86623557 16.60256918
15300 37.89466766 33.4783685 35.77020389 36.10942645 35.94728031 30.4479585 16.70177399 24.88844046 25.65712874 22.09039962 17.23135018 16.87158169 16.60664221
16200 37.89702131 33.48471287 35.76890103 36.10798785 35.94447614 30.45083234 16.71825847 24.8890321 25.65759079 22.09034346 17.23855905 16.87699605 16.61103972
17100 37.89699847 33.49056252 35.76708442 36.10649421 35.94125384 30.45328669 16.73352834 24.88926241 25.65805402 22.09025054 17.24551639 16.88216103 16.61520102
18000 37.89601574 33.49587295 35.76474528 36.10492204 35.93766232 30.45532195 16.74848104 24.88915978 25.65851498 22.09011849 17.25220152 16.88681184 16.61960102
18900 37.89451586 33.50093865 35.76231087 36.10346572 35.93379389 30.45711987 16.76356077 24.88872591 25.65901804 22.09003039 17.25875216 16.89119982 16.6241579
19800 37.89226162 33.50550386 35.75939431 36.10189084 35.92965559 30.45850714 16.7785591 24.88801 25.65952336 22.08993683 17.26513693 16.89586831 16.6285579
20700 37.88928561 33.50957145 35.75599062 36.10017797 35.92527122 30.45952726 16.79312444 24.8870441 25.66002722 22.08983064 17.27133785 16.90048629 16.63330132
21600 37.88562568 33.51311564 35.75211338 36.09831408 35.9206703 30.46021111 16.80723299 24.8858516 25.66052549 22.08970243 17.27742256 16.90490531 16.63797712
22500 37.88165635 33.51673217 35.74727619 36.09596782 35.91550005 30.46017001 16.82066525 24.88416262 25.66082137 22.08906057 17.28287652 16.90877641 16.64248569
23400 37.87710031 33.51970855 35.74194151 36.09341873 35.91009054 30.45979468 16.83529667 24.88224849 25.66109424 22.08826274 17.28821614 16.91241158 16.64723246
24300 37.87198565 33.52208381 35.73616199 36.09065964 35.90448735 30.45911689 16.85077999 24.88013239 25.6613396 22.08733987 17.29348111 16.91630028 16.65178481
25200 37.86634309 33.52403423 35.72996409 36.08767623 35.89870931 30.45816902 16.86538278 24.87783711 25.66155736 22.08630217 17.29863836 16.92023597 16.65653075
26100 37.85943286 33.52484515 35.72335948 36.0844952 35.89286557 30.45713 16.877076 24.87555737 25.66192158 22.08538384 17.30402292 16.92428771 16.66164825
27000 37.85199545 33.52527882 35.71637999 36.08107566 35.88687766 30.45587911 16.88989379 24.87315996 25.6622532 22.08440403 17.30930525 16.92820074 16.66643894
27900 37.84408602 33.5252326 35.70901639 36.07741517 35.88075403 30.45443624 16.90235771 24.87065644 25.66255969 22.08335158 17.31445514 16.93166068 16.67160105
28800 37.83573257 33.52468851 35.7012707 36.07351851 35.87449761 30.45281847 16.9142354 24.86805848 25.66284076 22.08222496 17.31953897 16.93515609 16.6765772
29700 37.82725008 33.52398671 35.69309027 36.06927354 35.8680367 30.45092742 16.9231967 24.86533342 25.6630288 22.08115158 17.32490692 16.93966939 16.68183663
30600 37.81841072 33.52294734 35.68463657 36.06479414 35.86144158 30.44890272 16.93586879 24.86253745 25.6631981 22.08009626 17.33017644 16.94422128 16.68737182
31500 37.8092219 33.52161803 35.6759517 36.06009214 35.85472177 30.44675116 16.94804644 24.85968071 25.66334347 22.07903489 17.33533859 16.94871557 16.69260036
32400 37.79969271 33.52001889 35.66705081 36.05517675 35.84788193 30.4444804 16.95732772 24.85677095 25.66346408 22.07795256 17.34034734 16.95308812 16.69811625
33300 37.79057997 33.51816603 35.65875861 36.05150042 35.84219899 30.4434866 16.97024943 24.85539763 25.66436723 22.07792703 17.34543132 16.95665601 16.70346492
34200 37.78124523 33.51605385 35.65036289 36.04785501 35.83662719 30.44266183 16.97903337 24.85415788 25.66522404 22.07803375 17.35038905 16.96003572 16.70884195
35100 37.77167053 33.51365135 35.64185366 36.0441721 35.83108638 30.44186085 16.99330784 24.85301905 25.66605166 22.07819094 17.35529692 16.96349395 16.71445147
36000 37.76187567 33.51096748 35.63324932 36.04043872 35.82554743 30.44101556 17.00552272 24.85196275 25.66684775 22.07837346 17.36017631 16.96714808 16.71973538
36900 37.75112805 33.5079591 35.62415607 36.03580918 35.81988683 30.43931756 17.01662895 24.85018003 25.66722972 22.07813426 17.36579321 16.97199073 16.72746349
37800 37.74014141 33.50467631 35.61495081 36.0310674 35.81409192 30.43732913 17.02949183 24.84837205 25.66758754 22.07778005 17.37148007 16.97695645 16.73461745
38700 37.72897687 33.50113589 35.60567213 36.02624515 35.80824031 30.43518731 17.03922791 24.84658039 25.66791962 22.07734878 17.37709334 16.98192746 16.74156553
39600 37.71765673 33.49735593 35.59634132 36.02133165 35.80234964 30.43295098 17.05120453 24.84482228 25.66822778 22.07685232 17.38266519 16.98686771 16.74864434
40500 37.70786045 33.49501381 35.58830511 36.01674786 35.79662711 30.43163453 17.06136239 24.84445338 25.66923341 22.07836203 17.38924993 16.99328264 16.75567984
41400 37.69811223 33.49247028 35.58033413 36.01202426 35.79097184 30.43034777 17.07537187 24.8443192 25.67022287 22.08024928 17.39571622 16.99961076 16.76321914
42300 37.68825721 33.48976363 35.57238508 36.00713487 35.78532464 30.42905238 17.08598359 24.84437573 25.67120737 22.08235186 17.40220821 17.00586987 16.77050537
43200 37.67839991 33.48690123 35.56445061 36.00209937 35.77966012 30.42773243 17.09954601 24.84459081 25.67218139 22.08461348 17.40862038 17.01216155 16.77811388
